//Data table Produced by the HNB package

Name: default.data

//Variables: name of variable followed by names of states
//           The last variable is the class variable
//            State names must start with English characters
v4: s0 s1 s2 
v6: s0 s1 s2 
v7: s0 s1 s2 
v2: s0 s1 s2 
v8: s0 s1 s2 
v9: s0 s1 s2 
v0: s0 s1 s2 

//Records: The last column contains frequencies.
//	        The second last column contain class labels
//	        0=First state, 1=second state, ...
//	        -1=missing value
0 0 0 0 0 0 1   10.0
0 0 0 0 0 1 1   14.0
0 0 0 0 0 2 0   2.0
0 0 0 0 0 2 1   173.0
0 0 0 0 1 0 0   1.0
0 0 0 0 1 1 1   10.0
0 0 0 0 1 1 2   1.0
0 0 0 0 1 2 1   14.0
0 0 0 0 2 0 0   1.0
0 0 0 0 2 0 1   4.0
0 0 0 0 2 1 0   9.0
0 0 0 0 2 1 1   56.0
0 0 0 0 2 2 1   23.0
0 0 0 1 0 0 1   1.0
0 0 0 1 0 0 2   3.0
0 0 0 1 0 1 1   2.0
0 0 0 1 0 1 2   6.0
0 0 0 1 0 2 1   26.0
0 0 0 1 0 2 2   20.0
0 0 0 1 1 0 2   28.0
0 0 0 1 1 1 1   2.0
0 0 0 1 1 1 2   214.0
0 0 0 1 1 2 2   12.0
0 0 0 1 2 0 0   6.0
0 0 0 1 2 0 1   2.0
0 0 0 1 2 0 2   2.0
0 0 0 1 2 1 0   18.0
0 0 0 1 2 1 1   1.0
0 0 0 1 2 1 2   6.0
0 0 0 1 2 2 1   8.0
0 0 0 1 2 2 2   2.0
0 0 0 2 0 0 1   2.0
0 0 0 2 0 0 2   1.0
0 0 0 2 0 1 0   6.0
0 0 0 2 0 2 0   7.0
0 0 0 2 0 2 1   12.0
0 0 0 2 0 2 2   6.0
0 0 0 2 1 0 2   2.0
0 0 0 2 1 1 0   3.0
0 0 0 2 1 1 2   24.0
0 0 0 2 1 2 2   1.0
0 0 0 2 2 0 0   13.0
0 0 0 2 2 1 0   109.0
0 0 0 2 2 1 1   3.0
0 0 0 2 2 1 2   2.0
0 0 0 2 2 2 0   4.0
0 0 0 2 2 2 1   1.0
0 0 0 2 2 2 2   1.0
0 0 1 0 0 0 1   2.0
0 0 1 0 0 1 1   3.0
0 0 1 0 0 2 0   1.0
0 0 1 0 0 2 1   41.0
0 0 1 0 2 1 0   2.0
0 0 1 0 2 1 1   11.0
0 0 1 0 2 2 1   3.0
0 0 1 1 0 0 1   1.0
0 0 1 1 0 1 1   3.0
0 0 1 1 0 2 1   5.0
0 0 1 1 0 2 2   2.0
0 0 1 1 1 0 2   5.0
0 0 1 1 1 1 0   1.0
0 0 1 1 1 1 1   1.0
0 0 1 1 1 1 2   23.0
0 0 1 1 1 2 1   1.0
0 0 1 1 2 0 1   1.0
0 0 1 1 2 1 0   2.0
0 0 1 1 2 1 1   2.0
0 0 1 1 2 2 2   1.0
0 0 1 2 0 0 0   1.0
0 0 1 2 1 1 2   4.0
0 0 1 2 1 2 2   1.0
0 0 1 2 2 0 0   3.0
0 0 1 2 2 1 0   23.0
0 0 1 2 2 2 0   2.0
0 0 2 0 0 0 1   36.0
0 0 2 0 0 1 0   3.0
0 0 2 0 0 1 1   64.0
0 0 2 0 0 2 0   4.0
0 0 2 0 0 2 1   706.0
0 0 2 0 1 0 1   6.0
0 0 2 0 1 0 2   2.0
0 0 2 0 1 1 0   1.0
0 0 2 0 1 1 1   22.0
0 0 2 0 1 1 2   3.0
0 0 2 0 1 2 1   49.0
0 0 2 0 2 0 0   8.0
0 0 2 0 2 0 1   26.0
0 0 2 0 2 1 0   24.0
0 0 2 0 2 1 1   169.0
0 0 2 0 2 2 0   1.0
0 0 2 0 2 2 1   95.0
0 0 2 0 2 2 2   1.0
0 0 2 1 0 0 1   2.0
0 0 2 1 0 0 2   2.0
0 0 2 1 0 1 0   4.0
0 0 2 1 0 1 1   9.0
0 0 2 1 0 1 2   6.0
0 0 2 1 0 2 0   6.0
0 0 2 1 0 2 1   110.0
0 0 2 1 0 2 2   42.0
0 0 2 1 1 0 1   1.0
0 0 2 1 1 0 2   67.0
0 0 2 1 1 1 0   3.0
0 0 2 1 1 1 1   5.0
0 0 2 1 1 1 2   377.0
0 0 2 1 1 2 1   14.0
0 0 2 1 1 2 2   10.0
0 0 2 1 2 0 0   7.0
0 0 2 1 2 0 1   4.0
0 0 2 1 2 0 2   3.0
0 0 2 1 2 1 0   51.0
0 0 2 1 2 1 1   27.0
0 0 2 1 2 1 2   10.0
0 0 2 1 2 2 0   3.0
0 0 2 1 2 2 1   17.0
0 0 2 1 2 2 2   4.0
0 0 2 2 0 0 0   5.0
0 0 2 2 0 0 1   2.0
0 0 2 2 0 0 2   1.0
0 0 2 2 0 1 0   17.0
0 0 2 2 0 1 1   4.0
0 0 2 2 0 2 0   26.0
0 0 2 2 0 2 1   33.0
0 0 2 2 0 2 2   10.0
0 0 2 2 1 0 0   1.0
0 0 2 2 1 0 2   12.0
0 0 2 2 1 1 0   9.0
0 0 2 2 1 1 1   1.0
0 0 2 2 1 1 2   65.0
0 0 2 2 1 2 0   2.0
0 0 2 2 1 2 1   4.0
0 0 2 2 1 2 2   2.0
0 0 2 2 2 0 0   60.0
0 0 2 2 2 0 1   1.0
0 0 2 2 2 0 2   1.0
0 0 2 2 2 1 0   376.0
0 0 2 2 2 1 1   13.0
0 0 2 2 2 1 2   2.0
0 0 2 2 2 2 0   10.0
0 0 2 2 2 2 1   6.0
0 1 0 0 0 0 1   18.0
0 1 0 0 0 1 0   2.0
0 1 0 0 0 1 1   36.0
0 1 0 0 0 2 1   319.0
0 1 0 0 1 0 1   3.0
0 1 0 0 1 1 1   11.0
0 1 0 0 1 1 2   9.0
0 1 0 0 1 2 1   26.0
0 1 0 0 2 0 0   4.0
0 1 0 0 2 0 1   14.0
0 1 0 0 2 1 0   22.0
0 1 0 0 2 1 1   78.0
0 1 0 0 2 2 0   2.0
0 1 0 0 2 2 1   52.0
0 1 0 1 0 0 2   9.0
0 1 0 1 0 1 0   2.0
0 1 0 1 0 1 1   2.0
0 1 0 1 0 1 2   13.0
0 1 0 1 0 2 1   50.0
0 1 0 1 0 2 2   100.0
0 1 0 1 1 0 1   2.0
0 1 0 1 1 0 2   133.0
0 1 0 1 1 1 1   1.0
0 1 0 1 1 1 2   846.0
0 1 0 1 1 2 1   2.0
0 1 0 1 1 2 2   36.0
0 1 0 1 2 0 0   5.0
0 1 0 1 2 0 1   1.0
0 1 0 1 2 0 2   4.0
0 1 0 1 2 1 0   35.0
0 1 0 1 2 1 1   10.0
0 1 0 1 2 1 2   35.0
0 1 0 1 2 2 1   6.0
0 1 0 1 2 2 2   15.0
0 1 0 2 0 0 0   4.0
0 1 0 2 0 0 1   1.0
0 1 0 2 0 0 2   2.0
0 1 0 2 0 1 0   20.0
0 1 0 2 0 1 1   1.0
0 1 0 2 0 1 2   4.0
0 1 0 2 0 2 0   21.0
0 1 0 2 0 2 1   15.0
0 1 0 2 0 2 2   13.0
0 1 0 2 1 0 2   16.0
0 1 0 2 1 1 0   5.0
0 1 0 2 1 1 2   110.0
0 1 0 2 1 2 1   1.0
0 1 0 2 1 2 2   5.0
0 1 0 2 2 0 0   40.0
0 1 0 2 2 0 1   1.0
0 1 0 2 2 1 0   294.0
0 1 0 2 2 1 1   4.0
0 1 0 2 2 1 2   4.0
0 1 0 2 2 2 0   4.0
0 1 0 2 2 2 1   6.0
0 1 0 2 2 2 2   1.0
0 1 1 0 0 1 1   2.0
0 1 1 0 0 2 1   10.0
0 1 1 0 1 2 1   1.0
0 1 1 0 2 1 0   3.0
0 1 1 0 2 1 1   5.0
0 1 1 0 2 2 1   2.0
0 1 1 1 0 0 2   1.0
0 1 1 1 0 1 2   1.0
0 1 1 1 0 2 1   1.0
0 1 1 1 0 2 2   1.0
0 1 1 1 1 0 2   3.0
0 1 1 1 1 1 2   19.0
0 1 1 1 1 2 1   1.0
0 1 1 1 2 1 1   1.0
0 1 1 2 1 0 2   1.0
0 1 1 2 1 1 2   4.0
0 1 1 2 2 0 0   2.0
0 1 1 2 2 1 0   12.0
0 1 2 0 0 0 1   10.0
0 1 2 0 0 1 1   14.0
0 1 2 0 0 2 1   171.0
0 1 2 0 1 0 1   1.0
0 1 2 0 1 1 0   1.0
0 1 2 0 1 1 1   2.0
0 1 2 0 1 2 1   19.0
0 1 2 0 1 2 2   1.0
0 1 2 0 2 0 1   11.0
0 1 2 0 2 1 0   15.0
0 1 2 0 2 1 1   39.0
0 1 2 0 2 2 0   1.0
0 1 2 0 2 2 1   21.0
0 1 2 1 0 0 0   1.0
0 1 2 1 0 0 1   1.0
0 1 2 1 0 0 2   4.0
0 1 2 1 0 1 1   3.0
0 1 2 1 0 1 2   4.0
0 1 2 1 0 2 0   1.0
0 1 2 1 0 2 1   28.0
0 1 2 1 0 2 2   24.0
0 1 2 1 1 0 2   35.0
0 1 2 1 1 1 2   217.0
0 1 2 1 1 2 1   2.0
0 1 2 1 1 2 2   10.0
0 1 2 1 2 0 0   3.0
0 1 2 1 2 0 1   2.0
0 1 2 1 2 0 2   2.0
0 1 2 1 2 1 0   10.0
0 1 2 1 2 1 1   8.0
0 1 2 1 2 1 2   8.0
0 1 2 1 2 2 0   1.0
0 1 2 1 2 2 1   8.0
0 1 2 1 2 2 2   6.0
0 1 2 2 0 0 0   2.0
0 1 2 2 0 0 1   2.0
0 1 2 2 0 1 0   6.0
0 1 2 2 0 1 1   1.0
0 1 2 2 0 1 2   1.0
0 1 2 2 0 2 0   7.0
0 1 2 2 0 2 1   10.0
0 1 2 2 0 2 2   5.0
0 1 2 2 1 0 2   1.0
0 1 2 2 1 1 0   2.0
0 1 2 2 1 1 2   35.0
0 1 2 2 1 2 0   1.0
0 1 2 2 1 2 1   2.0
0 1 2 2 2 0 0   17.0
0 1 2 2 2 0 1   1.0
0 1 2 2 2 1 0   135.0
0 1 2 2 2 1 1   3.0
0 1 2 2 2 1 2   2.0
0 1 2 2 2 2 1   1.0
0 1 2 2 2 2 2   1.0
0 2 0 0 0 1 1   2.0
0 2 0 0 0 2 0   1.0
0 2 0 0 0 2 1   26.0
0 2 0 0 1 1 1   1.0
0 2 0 0 1 2 1   3.0
0 2 0 0 2 0 1   1.0
0 2 0 0 2 1 0   2.0
0 2 0 0 2 1 1   7.0
0 2 0 0 2 2 1   8.0
0 2 0 1 0 2 1   6.0
0 2 0 1 0 2 2   4.0
0 2 0 1 1 0 2   6.0
0 2 0 1 1 1 1   1.0
0 2 0 1 1 1 2   39.0
0 2 0 1 1 2 2   1.0
0 2 0 1 2 0 0   1.0
0 2 0 1 2 1 0   1.0
0 2 0 1 2 1 1   3.0
0 2 0 1 2 1 2   1.0
0 2 0 1 2 2 0   1.0
0 2 0 2 0 1 0   2.0
0 2 0 2 0 2 0   1.0
0 2 0 2 1 1 2   8.0
0 2 0 2 2 0 0   1.0
0 2 0 2 2 1 0   18.0
0 2 0 2 2 2 1   1.0
0 2 1 0 0 1 1   1.0
0 2 1 0 0 2 1   5.0
0 2 1 0 1 2 1   1.0
0 2 1 0 2 1 1   2.0
0 2 1 0 2 2 1   1.0
0 2 1 1 0 2 1   1.0
0 2 1 1 1 1 2   2.0
0 2 1 2 2 1 0   3.0
0 2 1 2 2 1 1   1.0
0 2 2 0 0 0 1   1.0
0 2 2 0 0 1 1   6.0
0 2 2 0 0 2 1   52.0
0 2 2 0 1 1 1   3.0
0 2 2 0 1 2 1   6.0
0 2 2 0 2 0 1   1.0
0 2 2 0 2 1 1   9.0
0 2 2 0 2 2 1   10.0
0 2 2 1 0 0 1   1.0
0 2 2 1 0 1 1   2.0
0 2 2 1 0 1 2   1.0
0 2 2 1 0 2 0   1.0
0 2 2 1 0 2 1   11.0
0 2 2 1 0 2 2   6.0
0 2 2 1 1 0 2   4.0
0 2 2 1 1 1 2   39.0
0 2 2 1 1 2 1   1.0
0 2 2 1 1 2 2   2.0
0 2 2 1 2 0 1   1.0
0 2 2 1 2 1 0   3.0
0 2 2 1 2 1 1   1.0
0 2 2 1 2 1 2   1.0
0 2 2 1 2 2 1   1.0
0 2 2 1 2 2 2   2.0
0 2 2 2 0 1 0   1.0
0 2 2 2 0 1 1   1.0
0 2 2 2 0 2 0   1.0
0 2 2 2 0 2 1   1.0
0 2 2 2 1 0 2   1.0
0 2 2 2 1 1 0   1.0
0 2 2 2 1 1 2   2.0
0 2 2 2 2 0 0   3.0
0 2 2 2 2 1 0   24.0
0 2 2 2 2 1 1   2.0
1 0 0 0 0 0 0   1.0
1 0 0 0 0 0 1   42.0
1 0 0 0 0 1 0   5.0
1 0 0 0 0 1 1   51.0
1 0 0 0 0 2 0   4.0
1 0 0 0 0 2 1   725.0
1 0 0 0 1 0 1   8.0
1 0 0 0 1 1 1   22.0
1 0 0 0 1 2 0   1.0
1 0 0 0 1 2 1   46.0
1 0 0 0 2 0 0   11.0
1 0 0 0 2 0 1   20.0
1 0 0 0 2 1 0   63.0
1 0 0 0 2 1 1   156.0
1 0 0 0 2 2 0   3.0
1 0 0 0 2 2 1   111.0
1 0 0 1 0 0 1   1.0
1 0 0 1 0 1 0   3.0
1 0 0 1 0 1 1   8.0
1 0 0 1 0 1 2   1.0
1 0 0 1 0 2 0   6.0
1 0 0 1 0 2 1   106.0
1 0 0 1 0 2 2   10.0
1 0 0 1 1 0 2   24.0
1 0 0 1 1 1 1   2.0
1 0 0 1 1 1 2   115.0
1 0 0 1 1 2 1   10.0
1 0 0 1 1 2 2   8.0
1 0 0 1 2 0 0   12.0
1 0 0 1 2 0 1   8.0
1 0 0 1 2 0 2   2.0
1 0 0 1 2 1 0   92.0
1 0 0 1 2 1 1   24.0
1 0 0 1 2 1 2   4.0
1 0 0 1 2 2 0   2.0
1 0 0 1 2 2 1   18.0
1 0 0 2 0 0 0   8.0
1 0 0 2 0 0 1   2.0
1 0 0 2 0 1 0   47.0
1 0 0 2 0 1 1   2.0
1 0 0 2 0 2 0   64.0
1 0 0 2 0 2 1   32.0
1 0 0 2 0 2 2   1.0
1 0 0 2 1 0 0   3.0
1 0 0 2 1 0 1   1.0
1 0 0 2 1 0 2   5.0
1 0 0 2 1 1 0   12.0
1 0 0 2 1 1 1   1.0
1 0 0 2 1 1 2   13.0
1 0 0 2 1 2 0   3.0
1 0 0 2 1 2 1   4.0
1 0 0 2 2 0 0   99.0
1 0 0 2 2 0 1   1.0
1 0 0 2 2 0 2   1.0
1 0 0 2 2 1 0   723.0
1 0 0 2 2 1 1   7.0
1 0 0 2 2 1 2   1.0
1 0 0 2 2 2 0   16.0
1 0 0 2 2 2 1   4.0
1 0 1 0 0 0 1   3.0
1 0 1 0 0 1 0   1.0
1 0 1 0 0 1 1   4.0
1 0 1 0 0 2 1   59.0
1 0 1 0 1 1 1   4.0
1 0 1 0 1 2 1   3.0
1 0 1 0 2 0 0   1.0
1 0 1 0 2 0 1   2.0
1 0 1 0 2 1 0   7.0
1 0 1 0 2 1 1   9.0
1 0 1 0 2 2 1   9.0
1 0 1 1 0 0 1   1.0
1 0 1 1 0 1 0   1.0
1 0 1 1 0 1 1   2.0
1 0 1 1 0 2 0   1.0
1 0 1 1 0 2 1   12.0
1 0 1 1 1 0 1   1.0
1 0 1 1 1 0 2   5.0
1 0 1 1 1 1 1   1.0
1 0 1 1 1 1 2   8.0
1 0 1 1 2 0 0   1.0
1 0 1 1 2 1 0   5.0
1 0 1 1 2 1 1   2.0
1 0 1 1 2 1 2   1.0
1 0 1 1 2 2 0   1.0
1 0 1 1 2 2 1   2.0
1 0 1 2 0 0 0   1.0
1 0 1 2 0 1 0   3.0
1 0 1 2 0 2 0   3.0
1 0 1 2 0 2 1   2.0
1 0 1 2 1 0 2   1.0
1 0 1 2 1 1 0   3.0
1 0 1 2 1 1 2   2.0
1 0 1 2 2 0 0   14.0
1 0 1 2 2 1 0   79.0
1 0 1 2 2 2 0   2.0
1 0 2 0 0 0 0   1.0
1 0 2 0 0 0 1   31.0
1 0 2 0 0 1 0   6.0
1 0 2 0 0 1 1   66.0
1 0 2 0 0 2 0   3.0
1 0 2 0 0 2 1   605.0
1 0 2 0 1 0 1   3.0
1 0 2 0 1 1 1   11.0
1 0 2 0 1 1 2   1.0
1 0 2 0 1 2 0   1.0
1 0 2 0 1 2 1   50.0
1 0 2 0 2 0 0   6.0
1 0 2 0 2 0 1   32.0
1 0 2 0 2 1 0   45.0
1 0 2 0 2 1 1   164.0
1 0 2 0 2 1 2   1.0
1 0 2 0 2 2 0   1.0
1 0 2 0 2 2 1   115.0
1 0 2 1 0 0 0   1.0
1 0 2 1 0 0 1   4.0
1 0 2 1 0 0 2   2.0
1 0 2 1 0 1 0   4.0
1 0 2 1 0 1 1   11.0
1 0 2 1 0 1 2   2.0
1 0 2 1 0 2 0   1.0
1 0 2 1 0 2 1   102.0
1 0 2 1 0 2 2   12.0
1 0 2 1 1 0 1   1.0
1 0 2 1 1 0 2   19.0
1 0 2 1 1 1 0   1.0
1 0 2 1 1 1 1   2.0
1 0 2 1 1 1 2   94.0
1 0 2 1 1 2 0   1.0
1 0 2 1 1 2 1   13.0
1 0 2 1 1 2 2   1.0
1 0 2 1 2 0 0   12.0
1 0 2 1 2 0 1   2.0
1 0 2 1 2 0 2   2.0
1 0 2 1 2 1 0   78.0
1 0 2 1 2 1 1   30.0
1 0 2 1 2 1 2   4.0
1 0 2 1 2 2 0   1.0
1 0 2 1 2 2 1   22.0
1 0 2 2 0 0 0   7.0
1 0 2 2 0 0 1   2.0
1 0 2 2 0 1 0   49.0
1 0 2 2 0 1 1   3.0
1 0 2 2 0 2 0   47.0
1 0 2 2 0 2 1   32.0
1 0 2 2 0 2 2   1.0
1 0 2 2 1 0 0   1.0
1 0 2 2 1 0 1   1.0
1 0 2 2 1 0 2   2.0
1 0 2 2 1 1 0   10.0
1 0 2 2 1 1 2   20.0
1 0 2 2 1 2 0   5.0
1 0 2 2 1 2 1   2.0
1 0 2 2 1 2 2   2.0
1 0 2 2 2 0 0   105.0
1 0 2 2 2 1 0   656.0
1 0 2 2 2 1 1   11.0
1 0 2 2 2 1 2   2.0
1 0 2 2 2 2 0   14.0
1 0 2 2 2 2 1   9.0
1 1 0 0 0 0 0   3.0
1 1 0 0 0 0 1   184.0
1 1 0 0 0 1 0   17.0
1 1 0 0 0 1 1   322.0
1 1 0 0 0 2 0   21.0
1 1 0 0 0 2 1   4143.0
1 1 0 0 0 2 2   2.0
1 1 0 0 1 0 0   1.0
1 1 0 0 1 0 1   23.0
1 1 0 0 1 1 0   7.0
1 1 0 0 1 1 1   131.0
1 1 0 0 1 1 2   4.0
1 1 0 0 1 2 0   3.0
1 1 0 0 1 2 1   304.0
1 1 0 0 1 2 2   1.0
1 1 0 0 2 0 0   50.0
1 1 0 0 2 0 1   179.0
1 1 0 0 2 1 0   328.0
1 1 0 0 2 1 1   980.0
1 1 0 0 2 2 0   9.0
1 1 0 0 2 2 1   637.0
1 1 0 1 0 0 0   8.0
1 1 0 1 0 0 1   35.0
1 1 0 1 0 0 2   2.0
1 1 0 1 0 1 0   48.0
1 1 0 1 0 1 1   66.0
1 1 0 1 0 1 2   6.0
1 1 0 1 0 2 0   41.0
1 1 0 1 0 2 1   696.0
1 1 0 1 0 2 2   56.0
1 1 0 1 1 0 0   1.0
1 1 0 1 1 0 1   4.0
1 1 0 1 1 0 2   118.0
1 1 0 1 1 1 0   5.0
1 1 0 1 1 1 1   21.0
1 1 0 1 1 1 2   711.0
1 1 0 1 1 2 0   5.0
1 1 0 1 1 2 1   62.0
1 1 0 1 1 2 2   35.0
1 1 0 1 2 0 0   77.0
1 1 0 1 2 0 1   32.0
1 1 0 1 2 0 2   4.0
1 1 0 1 2 1 0   594.0
1 1 0 1 2 1 1   180.0
1 1 0 1 2 1 2   25.0
1 1 0 1 2 2 0   6.0
1 1 0 1 2 2 1   110.0
1 1 0 1 2 2 2   9.0
1 1 0 2 0 0 0   58.0
1 1 0 2 0 0 1   14.0
1 1 0 2 0 0 2   2.0
1 1 0 2 0 1 0   274.0
1 1 0 2 0 1 1   19.0
1 1 0 2 0 2 0   332.0
1 1 0 2 0 2 1   224.0
1 1 0 2 0 2 2   10.0
1 1 0 2 1 0 0   13.0
1 1 0 2 1 0 1   7.0
1 1 0 2 1 0 2   17.0
1 1 0 2 1 1 0   69.0
1 1 0 2 1 1 1   7.0
1 1 0 2 1 1 2   81.0
1 1 0 2 1 2 0   16.0
1 1 0 2 1 2 1   19.0
1 1 0 2 1 2 2   1.0
1 1 0 2 2 0 0   641.0
1 1 0 2 2 0 1   13.0
1 1 0 2 2 0 2   2.0
1 1 0 2 2 1 0   4633.0
1 1 0 2 2 1 1   62.0
1 1 0 2 2 1 2   2.0
1 1 0 2 2 2 0   97.0
1 1 0 2 2 2 1   39.0
1 1 0 2 2 2 2   1.0
1 1 1 0 0 0 1   1.0
1 1 1 0 0 1 1   7.0
1 1 1 0 0 2 0   2.0
1 1 1 0 0 2 1   125.0
1 1 1 0 1 1 1   1.0
1 1 1 0 1 2 1   10.0
1 1 1 0 2 0 0   1.0
1 1 1 0 2 0 1   8.0
1 1 1 0 2 1 0   7.0
1 1 1 0 2 1 1   23.0
1 1 1 0 2 2 1   14.0
1 1 1 1 0 0 1   1.0
1 1 1 1 0 1 0   3.0
1 1 1 1 0 1 1   1.0
1 1 1 1 0 2 1   15.0
1 1 1 1 0 2 2   3.0
1 1 1 1 1 0 2   4.0
1 1 1 1 1 1 0   1.0
1 1 1 1 1 1 2   19.0
1 1 1 1 1 2 1   2.0
1 1 1 1 2 1 0   16.0
1 1 1 1 2 1 1   2.0
1 1 1 1 2 1 2   1.0
1 1 1 1 2 2 1   3.0
1 1 1 2 0 0 0   2.0
1 1 1 2 0 1 0   10.0
1 1 1 2 0 2 0   9.0
1 1 1 2 0 2 1   7.0
1 1 1 2 1 0 0   1.0
1 1 1 2 1 0 2   1.0
1 1 1 2 1 1 0   2.0
1 1 1 2 1 1 2   3.0
1 1 1 2 1 2 0   1.0
1 1 1 2 2 0 0   18.0
1 1 1 2 2 0 1   1.0
1 1 1 2 2 1 0   122.0
1 1 1 2 2 1 1   1.0
1 1 1 2 2 2 0   1.0
1 1 2 0 0 0 1   30.0
1 1 2 0 0 1 0   2.0
1 1 2 0 0 1 1   73.0
1 1 2 0 0 2 0   2.0
1 1 2 0 0 2 1   1006.0
1 1 2 0 0 2 2   1.0
1 1 2 0 1 0 1   9.0
1 1 2 0 1 1 1   22.0
1 1 2 0 1 1 2   1.0
1 1 2 0 1 2 1   81.0
1 1 2 0 2 0 0   13.0
1 1 2 0 2 0 1   38.0
1 1 2 0 2 1 0   82.0
1 1 2 0 2 1 1   222.0
1 1 2 0 2 2 0   2.0
1 1 2 0 2 2 1   148.0
1 1 2 1 0 0 0   2.0
1 1 2 1 0 0 1   5.0
1 1 2 1 0 1 0   3.0
1 1 2 1 0 1 1   15.0
1 1 2 1 0 1 2   2.0
1 1 2 1 0 2 0   9.0
1 1 2 1 0 2 1   161.0
1 1 2 1 0 2 2   15.0
1 1 2 1 1 0 1   1.0
1 1 2 1 1 0 2   23.0
1 1 2 1 1 1 0   3.0
1 1 2 1 1 1 1   2.0
1 1 2 1 1 1 2   132.0
1 1 2 1 1 2 1   10.0
1 1 2 1 1 2 2   8.0
1 1 2 1 2 0 0   19.0
1 1 2 1 2 0 1   7.0
1 1 2 1 2 1 0   131.0
1 1 2 1 2 1 1   44.0
1 1 2 1 2 1 2   6.0
1 1 2 1 2 2 0   3.0
1 1 2 1 2 2 1   33.0
1 1 2 1 2 2 2   3.0
1 1 2 2 0 0 0   13.0
1 1 2 2 0 0 1   3.0
1 1 2 2 0 1 0   73.0
1 1 2 2 0 1 1   7.0
1 1 2 2 0 2 0   87.0
1 1 2 2 0 2 1   61.0
1 1 2 2 0 2 2   3.0
1 1 2 2 1 0 2   2.0
1 1 2 2 1 1 0   22.0
1 1 2 2 1 1 1   1.0
1 1 2 2 1 1 2   19.0
1 1 2 2 1 2 0   6.0
1 1 2 2 1 2 1   1.0
1 1 2 2 2 0 0   157.0
1 1 2 2 2 0 1   1.0
1 1 2 2 2 1 0   1071.0
1 1 2 2 2 1 1   14.0
1 1 2 2 2 2 0   17.0
1 1 2 2 2 2 1   8.0
1 2 0 0 0 0 1   9.0
1 2 0 0 0 1 0   1.0
1 2 0 0 0 1 1   10.0
1 2 0 0 0 2 1   168.0
1 2 0 0 1 0 1   1.0
1 2 0 0 1 1 0   1.0
1 2 0 0 1 1 1   1.0
1 2 0 0 1 1 2   1.0
1 2 0 0 1 2 1   19.0
1 2 0 0 2 0 0   2.0
1 2 0 0 2 0 1   6.0
1 2 0 0 2 1 0   21.0
1 2 0 0 2 1 1   38.0
1 2 0 0 2 2 1   29.0
1 2 0 1 0 0 1   1.0
1 2 0 1 0 0 2   1.0
1 2 0 1 0 1 0   1.0
1 2 0 1 0 1 1   2.0
1 2 0 1 0 1 2   1.0
1 2 0 1 0 2 0   1.0
1 2 0 1 0 2 1   29.0
1 2 0 1 0 2 2   5.0
1 2 0 1 1 0 2   6.0
1 2 0 1 1 1 0   2.0
1 2 0 1 1 1 2   28.0
1 2 0 1 1 2 1   4.0
1 2 0 1 1 2 2   2.0
1 2 0 1 2 0 0   3.0
1 2 0 1 2 1 0   28.0
1 2 0 1 2 1 1   8.0
1 2 0 1 2 1 2   1.0
1 2 0 1 2 2 1   3.0
1 2 0 1 2 2 2   1.0
1 2 0 2 0 0 0   6.0
1 2 0 2 0 1 0   9.0
1 2 0 2 0 1 1   1.0
1 2 0 2 0 2 0   11.0
1 2 0 2 0 2 1   17.0
1 2 0 2 1 0 1   1.0
1 2 0 2 1 1 0   4.0
1 2 0 2 1 1 1   2.0
1 2 0 2 1 1 2   4.0
1 2 0 2 1 2 1   1.0
1 2 0 2 2 0 0   33.0
1 2 0 2 2 1 0   194.0
1 2 0 2 2 2 0   1.0
1 2 1 0 0 2 1   8.0
1 2 1 0 1 2 1   1.0
1 2 1 0 2 1 1   1.0
1 2 1 0 2 2 1   3.0
1 2 1 1 0 2 1   2.0
1 2 1 1 1 1 2   2.0
1 2 1 1 2 2 1   1.0
1 2 1 2 0 2 1   1.0
1 2 1 2 1 0 0   1.0
1 2 1 2 1 2 1   1.0
1 2 1 2 2 0 0   1.0
1 2 1 2 2 1 0   7.0
1 2 2 0 0 0 1   6.0
1 2 2 0 0 1 1   6.0
1 2 2 0 0 2 1   69.0
1 2 2 0 1 0 1   2.0
1 2 2 0 1 1 1   1.0
1 2 2 0 1 2 1   8.0
1 2 2 0 2 0 1   4.0
1 2 2 0 2 1 0   9.0
1 2 2 0 2 1 1   27.0
1 2 2 0 2 2 1   8.0
1 2 2 1 0 0 0   1.0
1 2 2 1 0 0 1   1.0
1 2 2 1 0 2 1   14.0
1 2 2 1 0 2 2   1.0
1 2 2 1 1 0 2   4.0
1 2 2 1 1 1 2   9.0
1 2 2 1 1 2 1   3.0
1 2 2 1 1 2 2   1.0
1 2 2 1 2 1 0   14.0
1 2 2 1 2 1 1   4.0
1 2 2 1 2 1 2   1.0
1 2 2 1 2 2 1   1.0
1 2 2 2 0 0 0   1.0
1 2 2 2 0 0 1   2.0
1 2 2 2 0 1 0   4.0
1 2 2 2 0 2 0   9.0
1 2 2 2 0 2 1   5.0
1 2 2 2 1 1 0   1.0
1 2 2 2 1 1 2   1.0
1 2 2 2 2 0 0   8.0
1 2 2 2 2 1 0   61.0
1 2 2 2 2 1 1   1.0
1 2 2 2 2 2 0   3.0
2 0 0 0 0 2 0   1.0
2 0 0 0 0 2 1   16.0
2 0 0 0 0 2 2   5.0
2 0 0 0 1 0 2   1.0
2 0 0 0 1 1 1   1.0
2 0 0 0 1 1 2   11.0
2 0 0 0 1 2 1   2.0
2 0 0 0 2 0 1   2.0
2 0 0 0 2 1 0   1.0
2 0 0 0 2 1 1   3.0
2 0 0 0 2 1 2   1.0
2 0 0 1 0 0 2   5.0
2 0 0 1 0 1 1   1.0
2 0 0 1 0 1 2   23.0
2 0 0 1 0 2 1   6.0
2 0 0 1 0 2 2   113.0
2 0 0 1 1 0 2   168.0
2 0 0 1 1 1 2   989.0
2 0 0 1 1 2 1   1.0
2 0 0 1 1 2 2   53.0
2 0 0 1 2 0 2   11.0
2 0 0 1 2 1 0   1.0
2 0 0 1 2 1 1   3.0
2 0 0 1 2 1 2   41.0
2 0 0 1 2 2 2   21.0
2 0 0 2 0 0 1   1.0
2 0 0 2 0 1 0   1.0
2 0 0 2 0 1 2   3.0
2 0 0 2 0 2 0   1.0
2 0 0 2 0 2 2   21.0
2 0 0 2 1 0 2   32.0
2 0 0 2 1 1 2   140.0
2 0 0 2 1 2 2   6.0
2 0 0 2 2 0 0   3.0
2 0 0 2 2 0 2   1.0
2 0 0 2 2 1 0   9.0
2 0 0 2 2 1 2   7.0
2 0 0 2 2 2 2   1.0
2 0 1 0 0 2 1   5.0
2 0 1 0 2 1 1   1.0
2 0 1 1 0 2 2   14.0
2 0 1 1 1 0 2   14.0
2 0 1 1 1 1 2   73.0
2 0 1 1 1 2 2   4.0
2 0 1 1 2 0 2   1.0
2 0 1 1 2 1 2   2.0
2 0 1 1 2 2 2   3.0
2 0 1 2 0 2 1   1.0
2 0 1 2 0 2 2   1.0
2 0 1 2 1 1 2   7.0
2 0 1 2 2 1 0   2.0
2 0 2 0 0 0 1   1.0
2 0 2 0 0 1 0   1.0
2 0 2 0 0 1 1   3.0
2 0 2 0 0 2 1   40.0
2 0 2 0 1 1 1   1.0
2 0 2 0 1 1 2   5.0
2 0 2 0 1 2 1   4.0
2 0 2 0 2 0 1   2.0
2 0 2 0 2 1 0   5.0
2 0 2 0 2 1 1   10.0
2 0 2 0 2 2 0   1.0
2 0 2 0 2 2 1   6.0
2 0 2 1 0 0 2   6.0
2 0 2 1 0 1 2   8.0
2 0 2 1 0 2 1   4.0
2 0 2 1 0 2 2   56.0
2 0 2 1 1 0 2   102.0
2 0 2 1 1 1 1   1.0
2 0 2 1 1 1 2   631.0
2 0 2 1 1 2 2   28.0
2 0 2 1 2 0 0   1.0
2 0 2 1 2 0 2   5.0
2 0 2 1 2 1 0   4.0
2 0 2 1 2 1 1   3.0
2 0 2 1 2 1 2   25.0
2 0 2 1 2 2 1   1.0
2 0 2 1 2 2 2   11.0
2 0 2 2 0 0 2   1.0
2 0 2 2 0 1 2   1.0
2 0 2 2 0 2 0   1.0
2 0 2 2 0 2 1   1.0
2 0 2 2 0 2 2   12.0
2 0 2 2 1 0 2   13.0
2 0 2 2 1 1 2   93.0
2 0 2 2 1 2 2   3.0
2 0 2 2 2 0 0   4.0
2 0 2 2 2 0 2   1.0
2 0 2 2 2 1 0   29.0
2 0 2 2 2 1 2   6.0
2 0 2 2 2 2 2   6.0
2 1 0 0 0 0 1   3.0
2 1 0 0 0 1 0   1.0
2 1 0 0 0 1 2   1.0
2 1 0 0 0 2 1   59.0
2 1 0 0 0 2 2   3.0
2 1 0 0 1 0 2   7.0
2 1 0 0 1 1 1   1.0
2 1 0 0 1 1 2   35.0
2 1 0 0 1 2 1   9.0
2 1 0 0 2 0 0   2.0
2 1 0 0 2 0 1   2.0
2 1 0 0 2 0 2   1.0
2 1 0 0 2 1 0   4.0
2 1 0 0 2 1 1   16.0
2 1 0 0 2 1 2   1.0
2 1 0 0 2 2 1   14.0
2 1 0 1 0 0 2   41.0
2 1 0 1 0 1 1   2.0
2 1 0 1 0 1 2   87.0
2 1 0 1 0 2 1   12.0
2 1 0 1 0 2 2   519.0
2 1 0 1 1 0 2   852.0
2 1 0 1 1 1 1   1.0
2 1 0 1 1 1 2   5332.0
2 1 0 1 1 2 0   1.0
2 1 0 1 1 2 2   249.0
2 1 0 1 2 0 0   1.0
2 1 0 1 2 0 2   32.0
2 1 0 1 2 1 0   12.0
2 1 0 1 2 1 1   2.0
2 1 0 1 2 1 2   195.0
2 1 0 1 2 2 0   1.0
2 1 0 1 2 2 1   3.0
2 1 0 1 2 2 2   100.0
2 1 0 2 0 0 0   1.0
2 1 0 2 0 0 2   4.0
2 1 0 2 0 1 0   2.0
2 1 0 2 0 1 2   14.0
2 1 0 2 0 2 0   1.0
2 1 0 2 0 2 1   3.0
2 1 0 2 0 2 2   75.0
2 1 0 2 1 0 2   125.0
2 1 0 2 1 1 0   1.0
2 1 0 2 1 1 2   754.0
2 1 0 2 1 2 1   1.0
2 1 0 2 1 2 2   41.0
2 1 0 2 2 0 0   7.0
2 1 0 2 2 0 2   10.0
2 1 0 2 2 1 0   47.0
2 1 0 2 2 1 1   1.0
2 1 0 2 2 1 2   22.0
2 1 0 2 2 2 0   1.0
2 1 0 2 2 2 1   1.0
2 1 0 2 2 2 2   9.0
2 1 1 0 0 2 1   2.0
2 1 1 0 1 1 2   1.0
2 1 1 1 0 1 2   5.0
2 1 1 1 0 2 2   21.0
2 1 1 1 1 0 2   28.0
2 1 1 1 1 1 2   139.0
2 1 1 1 1 2 2   8.0
2 1 1 1 2 0 2   2.0
2 1 1 1 2 1 0   1.0
2 1 1 1 2 1 2   2.0
2 1 1 1 2 2 2   2.0
2 1 1 2 0 1 2   1.0
2 1 1 2 0 2 2   4.0
2 1 1 2 1 0 2   4.0
2 1 1 2 1 1 2   23.0
2 1 1 2 2 0 2   1.0
2 1 1 2 2 1 0   4.0
2 1 2 0 0 0 1   2.0
2 1 2 0 0 2 1   15.0
2 1 2 0 1 0 1   1.0
2 1 2 0 1 1 1   1.0
2 1 2 0 1 1 2   10.0
2 1 2 0 1 2 1   3.0
2 1 2 0 2 1 0   1.0
2 1 2 0 2 1 1   4.0
2 1 2 0 2 2 1   2.0
2 1 2 1 0 0 2   7.0
2 1 2 1 0 1 1   2.0
2 1 2 1 0 1 2   17.0
2 1 2 1 0 2 0   2.0
2 1 2 1 0 2 1   3.0
2 1 2 1 0 2 2   122.0
2 1 2 1 1 0 2   209.0
2 1 2 1 1 1 2   1189.0
2 1 2 1 1 2 2   64.0
2 1 2 1 2 0 2   9.0
2 1 2 1 2 1 0   1.0
2 1 2 1 2 1 1   1.0
2 1 2 1 2 1 2   34.0
2 1 2 1 2 2 1   1.0
2 1 2 1 2 2 2   25.0
2 1 2 2 0 1 0   1.0
2 1 2 2 0 1 1   1.0
2 1 2 2 0 1 2   4.0
2 1 2 2 0 2 0   1.0
2 1 2 2 0 2 1   3.0
2 1 2 2 0 2 2   13.0
2 1 2 2 1 0 2   25.0
2 1 2 2 1 1 2   181.0
2 1 2 2 1 2 2   11.0
2 1 2 2 2 0 0   1.0
2 1 2 2 2 0 2   1.0
2 1 2 2 2 1 0   17.0
2 1 2 2 2 1 1   2.0
2 1 2 2 2 1 2   8.0
2 1 2 2 2 2 2   2.0
2 2 0 0 0 2 0   1.0
2 2 0 0 0 2 1   2.0
2 2 0 0 1 1 2   2.0
2 2 0 0 2 1 1   1.0
2 2 0 1 0 0 2   1.0
2 2 0 1 0 1 2   4.0
2 2 0 1 0 2 2   39.0
2 2 0 1 1 0 2   31.0
2 2 0 1 1 1 2   248.0
2 2 0 1 1 2 2   9.0
2 2 0 1 2 0 2   2.0
2 2 0 1 2 1 0   2.0
2 2 0 1 2 1 2   11.0
2 2 0 1 2 2 2   4.0
2 2 0 2 0 2 2   1.0
2 2 0 2 1 0 2   3.0
2 2 0 2 1 1 2   42.0
2 2 0 2 1 2 2   3.0
2 2 0 2 2 0 0   1.0
2 2 0 2 2 1 0   6.0
2 2 0 2 2 2 2   2.0
2 2 1 0 1 1 2   1.0
2 2 1 1 1 0 2   2.0
2 2 1 1 1 1 2   11.0
2 2 1 1 2 1 0   2.0
2 2 1 2 1 0 2   1.0
2 2 2 0 0 0 1   1.0
2 2 2 0 0 2 1   3.0
2 2 2 0 1 1 2   3.0
2 2 2 0 2 0 1   1.0
2 2 2 0 2 1 1   2.0
2 2 2 0 2 2 1   1.0
2 2 2 1 0 1 2   5.0
2 2 2 1 0 2 2   14.0
2 2 2 1 1 0 2   9.0
2 2 2 1 1 1 2   90.0
2 2 2 1 1 2 2   3.0
2 2 2 1 2 1 1   1.0
2 2 2 1 2 1 2   5.0
2 2 2 1 2 2 2   3.0
2 2 2 2 0 0 2   1.0
2 2 2 2 0 2 2   4.0
2 2 2 2 1 0 2   3.0
2 2 2 2 1 1 2   9.0
2 2 2 2 2 1 0   3.0
2 2 2 2 2 2 2   1.0
//Total count: 50000.0
