//Data table Produced by the HNB package

Name: default.data

//Variables: name of variable followed by names of states
//           The last variable is the class variable
//            State names must start with English characters
v4: s0 s1 s2 
v6: s0 s1 s2 
v7: s0 s1 s2 
v2: s0 s1 s2 
v8: s0 s1 s2 
v9: s0 s1 s2 
v0: s0 s1 s2 

//Records: The last column contains frequencies.
//	        The second last column contain class labels
//	        0=First state, 1=second state, ...
//	        -1=missing value
0 0 0 0 0 0 0   1.0
0 0 0 0 0 0 1   18.0
0 0 0 0 0 1 1   30.0
0 0 0 0 0 2 0   2.0
0 0 0 0 0 2 1   364.0
0 0 0 0 1 0 0   1.0
0 0 0 0 1 0 1   1.0
0 0 0 0 1 0 2   1.0
0 0 0 0 1 1 1   20.0
0 0 0 0 1 1 2   1.0
0 0 0 0 1 2 1   30.0
0 0 0 0 2 0 0   2.0
0 0 0 0 2 0 1   12.0
0 0 0 0 2 1 0   20.0
0 0 0 0 2 1 1   87.0
0 0 0 0 2 2 1   48.0
0 0 0 1 0 0 1   1.0
0 0 0 1 0 0 2   3.0
0 0 0 1 0 1 0   2.0
0 0 0 1 0 1 1   2.0
0 0 0 1 0 1 2   9.0
0 0 0 1 0 2 1   46.0
0 0 0 1 0 2 2   42.0
0 0 0 1 1 0 1   1.0
0 0 0 1 1 0 2   67.0
0 0 0 1 1 1 1   1.0
0 0 0 1 1 1 2   388.0
0 0 0 1 1 2 1   5.0
0 0 0 1 1 2 2   20.0
0 0 0 1 2 0 0   2.0
0 0 0 1 2 0 1   1.0
0 0 0 1 2 0 2   1.0
0 0 0 1 2 1 0   28.0
0 0 0 1 2 1 1   12.0
0 0 0 1 2 1 2   16.0
0 0 0 1 2 2 1   8.0
0 0 0 1 2 2 2   7.0
0 0 0 2 0 0 0   2.0
0 0 0 2 0 0 1   1.0
0 0 0 2 0 1 0   20.0
0 0 0 2 0 1 2   1.0
0 0 0 2 0 2 0   16.0
0 0 0 2 0 2 1   26.0
0 0 0 2 0 2 2   4.0
0 0 0 2 1 0 1   1.0
0 0 0 2 1 0 2   10.0
0 0 0 2 1 1 0   1.0
0 0 0 2 1 1 1   1.0
0 0 0 2 1 1 2   59.0
0 0 0 2 1 2 1   1.0
0 0 0 2 1 2 2   3.0
0 0 0 2 2 0 0   36.0
0 0 0 2 2 0 1   1.0
0 0 0 2 2 1 0   226.0
0 0 0 2 2 1 1   4.0
0 0 0 2 2 1 2   1.0
0 0 0 2 2 2 0   7.0
0 0 0 2 2 2 1   3.0
0 0 1 0 0 0 1   4.0
0 0 1 0 0 1 1   6.0
0 0 1 0 0 2 1   67.0
0 0 1 0 1 0 1   1.0
0 0 1 0 1 0 2   1.0
0 0 1 0 1 1 1   5.0
0 0 1 0 1 2 1   5.0
0 0 1 0 2 0 1   5.0
0 0 1 0 2 1 0   3.0
0 0 1 0 2 1 1   14.0
0 0 1 0 2 2 1   14.0
0 0 1 1 0 0 2   1.0
0 0 1 1 0 1 0   1.0
0 0 1 1 0 1 1   2.0
0 0 1 1 0 2 1   10.0
0 0 1 1 0 2 2   6.0
0 0 1 1 1 0 2   5.0
0 0 1 1 1 1 2   60.0
0 0 1 1 1 2 1   4.0
0 0 1 1 1 2 2   2.0
0 0 1 1 2 0 0   1.0
0 0 1 1 2 0 2   1.0
0 0 1 1 2 1 0   4.0
0 0 1 1 2 1 1   4.0
0 0 1 1 2 1 2   2.0
0 0 1 1 2 2 1   2.0
0 0 1 1 2 2 2   1.0
0 0 1 2 0 0 0   1.0
0 0 1 2 0 1 0   3.0
0 0 1 2 0 2 0   3.0
0 0 1 2 0 2 1   6.0
0 0 1 2 0 2 2   1.0
0 0 1 2 1 0 2   1.0
0 0 1 2 1 1 0   1.0
0 0 1 2 1 1 2   11.0
0 0 1 2 2 0 0   7.0
0 0 1 2 2 1 0   48.0
0 0 1 2 2 2 0   4.0
0 0 1 2 2 2 1   2.0
0 0 2 0 0 0 0   1.0
0 0 2 0 0 0 1   73.0
0 0 2 0 0 1 0   5.0
0 0 2 0 0 1 1   108.0
0 0 2 0 0 2 0   6.0
0 0 2 0 0 2 1   1386.0
0 0 2 0 0 2 2   1.0
0 0 2 0 1 0 1   11.0
0 0 2 0 1 0 2   2.0
0 0 2 0 1 1 0   1.0
0 0 2 0 1 1 1   22.0
0 0 2 0 1 1 2   3.0
0 0 2 0 1 2 1   102.0
0 0 2 0 2 0 0   6.0
0 0 2 0 2 0 1   65.0
0 0 2 0 2 1 0   62.0
0 0 2 0 2 1 1   288.0
0 0 2 0 2 2 0   2.0
0 0 2 0 2 2 1   202.0
0 0 2 1 0 0 0   3.0
0 0 2 1 0 0 1   7.0
0 0 2 1 0 0 2   5.0
0 0 2 1 0 1 0   8.0
0 0 2 1 0 1 1   17.0
0 0 2 1 0 1 2   14.0
0 0 2 1 0 2 0   9.0
0 0 2 1 0 2 1   224.0
0 0 2 1 0 2 2   103.0
0 0 2 1 1 0 2   110.0
0 0 2 1 1 1 1   6.0
0 0 2 1 1 1 2   746.0
0 0 2 1 1 2 0   1.0
0 0 2 1 1 2 1   20.0
0 0 2 1 1 2 2   30.0
0 0 2 1 2 0 0   11.0
0 0 2 1 2 0 1   6.0
0 0 2 1 2 0 2   9.0
0 0 2 1 2 1 0   86.0
0 0 2 1 2 1 1   45.0
0 0 2 1 2 1 2   26.0
0 0 2 1 2 2 0   3.0
0 0 2 1 2 2 1   40.0
0 0 2 1 2 2 2   18.0
0 0 2 2 0 0 0   12.0
0 0 2 2 0 0 1   2.0
0 0 2 2 0 0 2   1.0
0 0 2 2 0 1 0   41.0
0 0 2 2 0 1 1   8.0
0 0 2 2 0 1 2   1.0
0 0 2 2 0 2 0   31.0
0 0 2 2 0 2 1   77.0
0 0 2 2 0 2 2   9.0
0 0 2 2 1 0 0   2.0
0 0 2 2 1 0 2   17.0
0 0 2 2 1 1 0   25.0
0 0 2 2 1 1 1   3.0
0 0 2 2 1 1 2   107.0
0 0 2 2 1 2 0   7.0
0 0 2 2 1 2 1   6.0
0 0 2 2 1 2 2   5.0
0 0 2 2 2 0 0   97.0
0 0 2 2 2 0 1   2.0
0 0 2 2 2 1 0   711.0
0 0 2 2 2 1 1   10.0
0 0 2 2 2 1 2   6.0
0 0 2 2 2 2 0   13.0
0 0 2 2 2 2 1   19.0
0 0 2 2 2 2 2   2.0
0 1 0 0 0 0 1   35.0
0 1 0 0 0 1 0   3.0
0 1 0 0 0 1 1   60.0
0 1 0 0 0 2 0   4.0
0 1 0 0 0 2 1   647.0
0 1 0 0 0 2 2   1.0
0 1 0 0 1 0 2   4.0
0 1 0 0 1 1 0   1.0
0 1 0 0 1 1 1   22.0
0 1 0 0 1 1 2   18.0
0 1 0 0 1 2 1   55.0
0 1 0 0 2 0 0   7.0
0 1 0 0 2 0 1   30.0
0 1 0 0 2 1 0   54.0
0 1 0 0 2 1 1   144.0
0 1 0 0 2 2 0   1.0
0 1 0 0 2 2 1   113.0
0 1 0 1 0 0 0   2.0
0 1 0 1 0 0 1   5.0
0 1 0 1 0 0 2   9.0
0 1 0 1 0 1 0   2.0
0 1 0 1 0 1 1   8.0
0 1 0 1 0 1 2   31.0
0 1 0 1 0 2 0   2.0
0 1 0 1 0 2 1   117.0
0 1 0 1 0 2 2   185.0
0 1 0 1 1 0 0   1.0
0 1 0 1 1 0 1   2.0
0 1 0 1 1 0 2   313.0
0 1 0 1 1 1 0   1.0
0 1 0 1 1 1 1   3.0
0 1 0 1 1 1 2   1664.0
0 1 0 1 1 2 0   2.0
0 1 0 1 1 2 1   10.0
0 1 0 1 1 2 2   86.0
0 1 0 1 2 0 0   11.0
0 1 0 1 2 0 1   3.0
0 1 0 1 2 0 2   7.0
0 1 0 1 2 1 0   67.0
0 1 0 1 2 1 1   24.0
0 1 0 1 2 1 2   59.0
0 1 0 1 2 2 1   17.0
0 1 0 1 2 2 2   41.0
0 1 0 2 0 0 0   10.0
0 1 0 2 0 0 1   5.0
0 1 0 2 0 0 2   1.0
0 1 0 2 0 1 0   29.0
0 1 0 2 0 1 1   3.0
0 1 0 2 0 1 2   3.0
0 1 0 2 0 2 0   34.0
0 1 0 2 0 2 1   35.0
0 1 0 2 0 2 2   26.0
0 1 0 2 1 0 0   1.0
0 1 0 2 1 0 1   1.0
0 1 0 2 1 0 2   22.0
0 1 0 2 1 1 0   5.0
0 1 0 2 1 1 1   3.0
0 1 0 2 1 1 2   252.0
0 1 0 2 1 2 0   5.0
0 1 0 2 1 2 1   3.0
0 1 0 2 1 2 2   7.0
0 1 0 2 2 0 0   82.0
0 1 0 2 2 1 0   526.0
0 1 0 2 2 1 1   13.0
0 1 0 2 2 1 2   9.0
0 1 0 2 2 2 0   11.0
0 1 0 2 2 2 1   7.0
0 1 0 2 2 2 2   2.0
0 1 1 0 0 0 1   1.0
0 1 1 0 0 1 0   1.0
0 1 1 0 0 1 1   2.0
0 1 1 0 0 2 1   29.0
0 1 1 0 1 2 1   3.0
0 1 1 0 2 0 0   1.0
0 1 1 0 2 0 1   1.0
0 1 1 0 2 1 0   2.0
0 1 1 0 2 1 1   8.0
0 1 1 0 2 2 1   1.0
0 1 1 1 0 0 1   1.0
0 1 1 1 0 0 2   1.0
0 1 1 1 0 1 2   2.0
0 1 1 1 0 2 1   2.0
0 1 1 1 0 2 2   4.0
0 1 1 1 1 0 2   5.0
0 1 1 1 1 1 2   41.0
0 1 1 1 1 2 1   1.0
0 1 1 1 1 2 2   3.0
0 1 1 1 2 1 0   4.0
0 1 1 1 2 1 2   4.0
0 1 1 1 2 2 0   1.0
0 1 1 1 2 2 1   2.0
0 1 1 1 2 2 2   1.0
0 1 1 2 0 1 0   3.0
0 1 1 2 0 2 1   2.0
0 1 1 2 0 2 2   2.0
0 1 1 2 1 1 2   4.0
0 1 1 2 1 2 0   1.0
0 1 1 2 1 2 2   1.0
0 1 1 2 2 0 0   2.0
0 1 1 2 2 1 0   26.0
0 1 1 2 2 2 0   2.0
0 1 1 2 2 2 2   1.0
0 1 2 0 0 0 0   2.0
0 1 2 0 0 0 1   11.0
0 1 2 0 0 1 0   1.0
0 1 2 0 0 1 1   31.0
0 1 2 0 0 2 1   344.0
0 1 2 0 1 0 1   7.0
0 1 2 0 1 1 1   10.0
0 1 2 0 1 1 2   2.0
0 1 2 0 1 2 0   1.0
0 1 2 0 1 2 1   20.0
0 1 2 0 2 0 1   22.0
0 1 2 0 2 1 0   24.0
0 1 2 0 2 1 1   81.0
0 1 2 0 2 2 1   51.0
0 1 2 1 0 0 2   3.0
0 1 2 1 0 1 0   2.0
0 1 2 1 0 1 1   1.0
0 1 2 1 0 1 2   2.0
0 1 2 1 0 2 0   2.0
0 1 2 1 0 2 1   68.0
0 1 2 1 0 2 2   52.0
0 1 2 1 1 0 2   82.0
0 1 2 1 1 1 0   1.0
0 1 2 1 1 1 1   2.0
0 1 2 1 1 1 2   468.0
0 1 2 1 1 2 1   6.0
0 1 2 1 1 2 2   11.0
0 1 2 1 2 0 0   3.0
0 1 2 1 2 0 1   1.0
0 1 2 1 2 0 2   4.0
0 1 2 1 2 1 0   24.0
0 1 2 1 2 1 1   14.0
0 1 2 1 2 1 2   18.0
0 1 2 1 2 2 1   17.0
0 1 2 1 2 2 2   9.0
0 1 2 2 0 0 0   4.0
0 1 2 2 0 0 1   2.0
0 1 2 2 0 0 2   2.0
0 1 2 2 0 1 0   14.0
0 1 2 2 0 2 0   8.0
0 1 2 2 0 2 1   19.0
0 1 2 2 0 2 2   5.0
0 1 2 2 1 0 0   2.0
0 1 2 2 1 0 2   15.0
0 1 2 2 1 1 0   3.0
0 1 2 2 1 1 2   73.0
0 1 2 2 1 2 0   1.0
0 1 2 2 1 2 1   2.0
0 1 2 2 1 2 2   3.0
0 1 2 2 2 0 0   33.0
0 1 2 2 2 1 0   195.0
0 1 2 2 2 1 1   7.0
0 1 2 2 2 1 2   2.0
0 1 2 2 2 2 0   6.0
0 1 2 2 2 2 1   6.0
0 1 2 2 2 2 2   1.0
0 2 0 0 0 0 1   3.0
0 2 0 0 0 1 1   3.0
0 2 0 0 0 2 1   42.0
0 2 0 0 1 1 1   1.0
0 2 0 0 1 1 2   2.0
0 2 0 0 1 2 1   2.0
0 2 0 0 2 0 1   2.0
0 2 0 0 2 1 0   3.0
0 2 0 0 2 1 1   12.0
0 2 0 0 2 2 1   5.0
0 2 0 1 0 1 1   1.0
0 2 0 1 0 1 2   1.0
0 2 0 1 0 2 1   7.0
0 2 0 1 0 2 2   13.0
0 2 0 1 1 0 2   13.0
0 2 0 1 1 1 2   72.0
0 2 0 1 1 2 2   9.0
0 2 0 1 2 0 0   1.0
0 2 0 1 2 0 2   1.0
0 2 0 1 2 1 0   6.0
0 2 0 1 2 1 1   1.0
0 2 0 1 2 1 2   1.0
0 2 0 1 2 2 1   1.0
0 2 0 1 2 2 2   2.0
0 2 0 2 0 0 1   1.0
0 2 0 2 0 2 0   2.0
0 2 0 2 0 2 1   4.0
0 2 0 2 0 2 2   1.0
0 2 0 2 1 0 2   2.0
0 2 0 2 1 1 0   2.0
0 2 0 2 1 1 2   14.0
0 2 0 2 2 0 0   2.0
0 2 0 2 2 1 0   30.0
0 2 0 2 2 2 1   1.0
0 2 1 0 0 0 1   2.0
0 2 1 0 0 1 1   1.0
0 2 1 0 0 2 1   3.0
0 2 1 0 1 2 1   1.0
0 2 1 0 2 0 1   1.0
0 2 1 0 2 1 1   1.0
0 2 1 0 2 2 1   2.0
0 2 1 1 0 2 2   1.0
0 2 1 1 1 0 2   2.0
0 2 1 1 1 1 2   10.0
0 2 1 1 2 1 0   2.0
0 2 1 1 2 1 2   1.0
0 2 1 2 2 1 0   4.0
0 2 2 0 0 0 1   6.0
0 2 2 0 0 1 1   5.0
0 2 2 0 0 2 0   1.0
0 2 2 0 0 2 1   111.0
0 2 2 0 1 0 1   1.0
0 2 2 0 1 1 1   2.0
0 2 2 0 1 2 1   10.0
0 2 2 0 2 0 0   2.0
0 2 2 0 2 0 1   9.0
0 2 2 0 2 1 0   5.0
0 2 2 0 2 1 1   17.0
0 2 2 0 2 2 1   21.0
0 2 2 1 0 1 1   2.0
0 2 2 1 0 2 0   1.0
0 2 2 1 0 2 1   22.0
0 2 2 1 0 2 2   10.0
0 2 2 1 1 0 2   12.0
0 2 2 1 1 1 1   1.0
0 2 2 1 1 1 2   71.0
0 2 2 1 1 2 1   1.0
0 2 2 1 2 0 0   2.0
0 2 2 1 2 0 2   2.0
0 2 2 1 2 1 0   10.0
0 2 2 1 2 1 1   2.0
0 2 2 1 2 1 2   1.0
0 2 2 1 2 2 1   2.0
0 2 2 1 2 2 2   1.0
0 2 2 2 0 0 0   1.0
0 2 2 2 0 0 1   1.0
0 2 2 2 0 1 0   3.0
0 2 2 2 0 2 0   2.0
0 2 2 2 0 2 1   8.0
0 2 2 2 0 2 2   1.0
0 2 2 2 1 0 2   2.0
0 2 2 2 1 1 0   1.0
0 2 2 2 1 1 2   9.0
0 2 2 2 1 2 1   1.0
0 2 2 2 2 0 0   8.0
0 2 2 2 2 1 0   57.0
0 2 2 2 2 1 1   1.0
0 2 2 2 2 2 0   1.0
1 0 0 0 0 0 0   2.0
1 0 0 0 0 0 1   63.0
1 0 0 0 0 0 2   1.0
1 0 0 0 0 1 0   7.0
1 0 0 0 0 1 1   114.0
1 0 0 0 0 2 0   6.0
1 0 0 0 0 2 1   1402.0
1 0 0 0 1 0 0   1.0
1 0 0 0 1 0 1   8.0
1 0 0 0 1 1 0   2.0
1 0 0 0 1 1 1   52.0
1 0 0 0 1 1 2   5.0
1 0 0 0 1 2 1   113.0
1 0 0 0 2 0 0   16.0
1 0 0 0 2 0 1   66.0
1 0 0 0 2 1 0   117.0
1 0 0 0 2 1 1   352.0
1 0 0 0 2 2 0   4.0
1 0 0 0 2 2 1   214.0
1 0 0 0 2 2 2   1.0
1 0 0 1 0 0 0   1.0
1 0 0 1 0 0 1   6.0
1 0 0 1 0 0 2   3.0
1 0 0 1 0 1 0   13.0
1 0 0 1 0 1 1   23.0
1 0 0 1 0 1 2   4.0
1 0 0 1 0 2 0   15.0
1 0 0 1 0 2 1   228.0
1 0 0 1 0 2 2   20.0
1 0 0 1 1 0 1   1.0
1 0 0 1 1 0 2   39.0
1 0 0 1 1 1 0   3.0
1 0 0 1 1 1 1   4.0
1 0 0 1 1 1 2   203.0
1 0 0 1 1 2 0   2.0
1 0 0 1 1 2 1   15.0
1 0 0 1 1 2 2   9.0
1 0 0 1 2 0 0   26.0
1 0 0 1 2 0 1   6.0
1 0 0 1 2 0 2   2.0
1 0 0 1 2 1 0   182.0
1 0 0 1 2 1 1   56.0
1 0 0 1 2 1 2   6.0
1 0 0 1 2 2 0   4.0
1 0 0 1 2 2 1   33.0
1 0 0 1 2 2 2   5.0
1 0 0 2 0 0 0   16.0
1 0 0 2 0 0 1   4.0
1 0 0 2 0 1 0   116.0
1 0 0 2 0 1 1   7.0
1 0 0 2 0 2 0   86.0
1 0 0 2 0 2 1   81.0
1 0 0 2 0 2 2   1.0
1 0 0 2 1 0 0   6.0
1 0 0 2 1 0 1   1.0
1 0 0 2 1 0 2   2.0
1 0 0 2 1 1 0   21.0
1 0 0 2 1 1 1   2.0
1 0 0 2 1 1 2   29.0
1 0 0 2 1 2 0   7.0
1 0 0 2 1 2 1   8.0
1 0 0 2 1 2 2   1.0
1 0 0 2 2 0 0   232.0
1 0 0 2 2 0 1   7.0
1 0 0 2 2 1 0   1451.0
1 0 0 2 2 1 1   25.0
1 0 0 2 2 1 2   2.0
1 0 0 2 2 2 0   50.0
1 0 0 2 2 2 1   10.0
1 0 1 0 0 0 1   9.0
1 0 1 0 0 1 1   7.0
1 0 1 0 0 2 0   2.0
1 0 1 0 0 2 1   123.0
1 0 1 0 1 1 1   4.0
1 0 1 0 1 1 2   1.0
1 0 1 0 1 2 1   12.0
1 0 1 0 2 0 0   3.0
1 0 1 0 2 0 1   11.0
1 0 1 0 2 1 0   9.0
1 0 1 0 2 1 1   32.0
1 0 1 0 2 2 0   1.0
1 0 1 0 2 2 1   20.0
1 0 1 1 0 0 1   1.0
1 0 1 1 0 1 0   1.0
1 0 1 1 0 1 1   3.0
1 0 1 1 0 2 1   27.0
1 0 1 1 0 2 2   5.0
1 0 1 1 1 0 0   1.0
1 0 1 1 1 0 2   2.0
1 0 1 1 1 1 0   1.0
1 0 1 1 1 1 2   20.0
1 0 1 1 2 0 0   4.0
1 0 1 1 2 0 1   2.0
1 0 1 1 2 1 0   21.0
1 0 1 1 2 1 1   7.0
1 0 1 2 0 0 0   2.0
1 0 1 2 0 1 0   6.0
1 0 1 2 0 1 1   1.0
1 0 1 2 0 2 0   6.0
1 0 1 2 0 2 1   15.0
1 0 1 2 0 2 2   1.0
1 0 1 2 1 1 0   2.0
1 0 1 2 1 1 2   3.0
1 0 1 2 1 2 0   1.0
1 0 1 2 1 2 1   1.0
1 0 1 2 2 0 0   19.0
1 0 1 2 2 0 1   1.0
1 0 1 2 2 1 0   110.0
1 0 1 2 2 1 1   2.0
1 0 1 2 2 2 0   2.0
1 0 1 2 2 2 1   5.0
1 0 2 0 0 0 1   66.0
1 0 2 0 0 1 0   6.0
1 0 2 0 0 1 1   125.0
1 0 2 0 0 2 0   6.0
1 0 2 0 0 2 1   1376.0
1 0 2 0 1 0 1   15.0
1 0 2 0 1 1 0   2.0
1 0 2 0 1 1 1   31.0
1 0 2 0 1 1 2   2.0
1 0 2 0 1 2 0   1.0
1 0 2 0 1 2 1   96.0
1 0 2 0 2 0 0   19.0
1 0 2 0 2 0 1   76.0
1 0 2 0 2 1 0   113.0
1 0 2 0 2 1 1   305.0
1 0 2 0 2 2 1   173.0
1 0 2 1 0 0 0   2.0
1 0 2 1 0 0 1   14.0
1 0 2 1 0 1 0   10.0
1 0 2 1 0 1 1   23.0
1 0 2 1 0 1 2   5.0
1 0 2 1 0 2 0   17.0
1 0 2 1 0 2 1   222.0
1 0 2 1 0 2 2   26.0
1 0 2 1 1 0 1   1.0
1 0 2 1 1 0 2   39.0
1 0 2 1 1 1 0   1.0
1 0 2 1 1 1 1   4.0
1 0 2 1 1 1 2   233.0
1 0 2 1 1 2 0   1.0
1 0 2 1 1 2 1   18.0
1 0 2 1 1 2 2   16.0
1 0 2 1 2 0 0   23.0
1 0 2 1 2 0 1   12.0
1 0 2 1 2 1 0   183.0
1 0 2 1 2 1 1   51.0
1 0 2 1 2 1 2   7.0
1 0 2 1 2 2 0   2.0
1 0 2 1 2 2 1   34.0
1 0 2 1 2 2 2   1.0
1 0 2 2 0 0 0   15.0
1 0 2 2 0 0 1   3.0
1 0 2 2 0 0 2   1.0
1 0 2 2 0 1 0   67.0
1 0 2 2 0 1 1   9.0
1 0 2 2 0 2 0   90.0
1 0 2 2 0 2 1   86.0
1 0 2 2 0 2 2   3.0
1 0 2 2 1 0 0   5.0
1 0 2 2 1 0 2   10.0
1 0 2 2 1 1 0   22.0
1 0 2 2 1 1 1   3.0
1 0 2 2 1 1 2   25.0
1 0 2 2 1 2 0   5.0
1 0 2 2 1 2 1   2.0
1 0 2 2 1 2 2   2.0
1 0 2 2 2 0 0   200.0
1 0 2 2 2 0 1   4.0
1 0 2 2 2 1 0   1284.0
1 0 2 2 2 1 1   17.0
1 0 2 2 2 1 2   2.0
1 0 2 2 2 2 0   34.0
1 0 2 2 2 2 1   15.0
1 1 0 0 0 0 0   5.0
1 1 0 0 0 0 1   445.0
1 1 0 0 0 1 0   47.0
1 1 0 0 0 1 1   720.0
1 1 0 0 0 2 0   54.0
1 1 0 0 0 2 1   8515.0
1 1 0 0 0 2 2   3.0
1 1 0 0 1 0 0   3.0
1 1 0 0 1 0 1   64.0
1 1 0 0 1 0 2   2.0
1 1 0 0 1 1 0   11.0
1 1 0 0 1 1 1   231.0
1 1 0 0 1 1 2   10.0
1 1 0 0 1 2 0   3.0
1 1 0 0 1 2 1   684.0
1 1 0 0 2 0 0   119.0
1 1 0 0 2 0 1   347.0
1 1 0 0 2 1 0   773.0
1 1 0 0 2 1 1   1969.0
1 1 0 0 2 2 0   15.0
1 1 0 0 2 2 1   1368.0
1 1 0 1 0 0 0   16.0
1 1 0 1 0 0 1   60.0
1 1 0 1 0 0 2   5.0
1 1 0 1 0 1 0   76.0
1 1 0 1 0 1 1   118.0
1 1 0 1 0 1 2   23.0
1 1 0 1 0 2 0   69.0
1 1 0 1 0 2 1   1417.0
1 1 0 1 0 2 2   152.0
1 1 0 1 1 0 0   4.0
1 1 0 1 1 0 1   10.0
1 1 0 1 1 0 2   246.0
1 1 0 1 1 1 0   26.0
1 1 0 1 1 1 1   44.0
1 1 0 1 1 1 2   1300.0
1 1 0 1 1 2 0   5.0
1 1 0 1 1 2 1   109.0
1 1 0 1 1 2 2   83.0
1 1 0 1 2 0 0   160.0
1 1 0 1 2 0 1   69.0
1 1 0 1 2 0 2   12.0
1 1 0 1 2 1 0   1193.0
1 1 0 1 2 1 1   357.0
1 1 0 1 2 1 2   50.0
1 1 0 1 2 2 0   19.0
1 1 0 1 2 2 1   228.0
1 1 0 1 2 2 2   21.0
1 1 0 2 0 0 0   101.0
1 1 0 2 0 0 1   26.0
1 1 0 2 0 1 0   501.0
1 1 0 2 0 1 1   48.0
1 1 0 2 0 1 2   5.0
1 1 0 2 0 2 0   585.0
1 1 0 2 0 2 1   497.0
1 1 0 2 0 2 2   18.0
1 1 0 2 1 0 0   24.0
1 1 0 2 1 0 1   6.0
1 1 0 2 1 0 2   35.0
1 1 0 2 1 1 0   158.0
1 1 0 2 1 1 1   16.0
1 1 0 2 1 1 2   192.0
1 1 0 2 1 2 0   46.0
1 1 0 2 1 2 1   50.0
1 1 0 2 1 2 2   11.0
1 1 0 2 2 0 0   1333.0
1 1 0 2 2 0 1   17.0
1 1 0 2 2 1 0   8940.0
1 1 0 2 2 1 1   124.0
1 1 0 2 2 1 2   7.0
1 1 0 2 2 2 0   200.0
1 1 0 2 2 2 1   78.0
1 1 0 2 2 2 2   3.0
1 1 1 0 0 0 1   6.0
1 1 1 0 0 1 0   2.0
1 1 1 0 0 1 1   23.0
1 1 1 0 0 2 1   233.0
1 1 1 0 1 0 1   3.0
1 1 1 0 1 1 1   9.0
1 1 1 0 1 1 2   1.0
1 1 1 0 1 2 1   19.0
1 1 1 0 2 0 0   2.0
1 1 1 0 2 0 1   6.0
1 1 1 0 2 1 0   25.0
1 1 1 0 2 1 1   49.0
1 1 1 0 2 2 1   35.0
1 1 1 1 0 0 1   1.0
1 1 1 1 0 1 0   1.0
1 1 1 1 0 1 1   5.0
1 1 1 1 0 2 0   2.0
1 1 1 1 0 2 1   38.0
1 1 1 1 0 2 2   1.0
1 1 1 1 1 0 2   1.0
1 1 1 1 1 1 2   38.0
1 1 1 1 1 2 1   2.0
1 1 1 1 1 2 2   1.0
1 1 1 1 2 0 0   5.0
1 1 1 1 2 0 1   1.0
1 1 1 1 2 1 0   34.0
1 1 1 1 2 1 1   8.0
1 1 1 1 2 1 2   1.0
1 1 1 1 2 2 0   1.0
1 1 1 1 2 2 1   4.0
1 1 1 1 2 2 2   2.0
1 1 1 2 0 0 0   1.0
1 1 1 2 0 0 1   1.0
1 1 1 2 0 1 0   21.0
1 1 1 2 0 1 1   3.0
1 1 1 2 0 2 0   8.0
1 1 1 2 0 2 1   17.0
1 1 1 2 1 0 0   2.0
1 1 1 2 1 0 2   1.0
1 1 1 2 1 1 0   3.0
1 1 1 2 1 1 2   7.0
1 1 1 2 1 2 2   1.0
1 1 1 2 2 0 0   38.0
1 1 1 2 2 0 1   1.0
1 1 1 2 2 1 0   240.0
1 1 1 2 2 1 1   1.0
1 1 1 2 2 2 0   5.0
1 1 1 2 2 2 1   4.0
1 1 2 0 0 0 0   1.0
1 1 2 0 0 0 1   87.0
1 1 2 0 0 1 0   5.0
1 1 2 0 0 1 1   159.0
1 1 2 0 0 2 0   11.0
1 1 2 0 0 2 1   1989.0
1 1 2 0 0 2 2   1.0
1 1 2 0 1 0 1   8.0
1 1 2 0 1 1 1   52.0
1 1 2 0 1 1 2   2.0
1 1 2 0 1 2 0   1.0
1 1 2 0 1 2 1   159.0
1 1 2 0 2 0 0   27.0
1 1 2 0 2 0 1   62.0
1 1 2 0 2 1 0   169.0
1 1 2 0 2 1 1   461.0
1 1 2 0 2 2 0   5.0
1 1 2 0 2 2 1   287.0
1 1 2 1 0 0 0   4.0
1 1 2 1 0 0 1   21.0
1 1 2 1 0 0 2   4.0
1 1 2 1 0 1 0   23.0
1 1 2 1 0 1 1   31.0
1 1 2 1 0 1 2   7.0
1 1 2 1 0 2 0   22.0
1 1 2 1 0 2 1   292.0
1 1 2 1 0 2 2   39.0
1 1 2 1 1 0 1   1.0
1 1 2 1 1 0 2   43.0
1 1 2 1 1 1 0   2.0
1 1 2 1 1 1 1   5.0
1 1 2 1 1 1 2   295.0
1 1 2 1 1 2 0   2.0
1 1 2 1 1 2 1   25.0
1 1 2 1 1 2 2   19.0
1 1 2 1 2 0 0   34.0
1 1 2 1 2 0 1   11.0
1 1 2 1 2 0 2   1.0
1 1 2 1 2 1 0   278.0
1 1 2 1 2 1 1   66.0
1 1 2 1 2 1 2   22.0
1 1 2 1 2 2 0   5.0
1 1 2 1 2 2 1   52.0
1 1 2 1 2 2 2   7.0
1 1 2 2 0 0 0   26.0
1 1 2 2 0 0 1   5.0
1 1 2 2 0 0 2   1.0
1 1 2 2 0 1 0   127.0
1 1 2 2 0 1 1   6.0
1 1 2 2 0 2 0   103.0
1 1 2 2 0 2 1   108.0
1 1 2 2 0 2 2   5.0
1 1 2 2 1 0 0   7.0
1 1 2 2 1 0 2   10.0
1 1 2 2 1 1 0   47.0
1 1 2 2 1 1 1   3.0
1 1 2 2 1 1 2   29.0
1 1 2 2 1 2 0   11.0
1 1 2 2 1 2 1   11.0
1 1 2 2 1 2 2   2.0
1 1 2 2 2 0 0   306.0
1 1 2 2 2 0 1   7.0
1 1 2 2 2 0 2   2.0
1 1 2 2 2 1 0   1955.0
1 1 2 2 2 1 1   31.0
1 1 2 2 2 2 0   44.0
1 1 2 2 2 2 1   22.0
1 1 2 2 2 2 2   1.0
1 2 0 0 0 0 0   1.0
1 2 0 0 0 0 1   17.0
1 2 0 0 0 1 0   3.0
1 2 0 0 0 1 1   31.0
1 2 0 0 0 2 0   3.0
1 2 0 0 0 2 1   359.0
1 2 0 0 1 0 1   5.0
1 2 0 0 1 1 1   8.0
1 2 0 0 1 2 1   24.0
1 2 0 0 2 0 0   6.0
1 2 0 0 2 0 1   13.0
1 2 0 0 2 1 0   28.0
1 2 0 0 2 1 1   82.0
1 2 0 0 2 2 0   1.0
1 2 0 0 2 2 1   66.0
1 2 0 1 0 0 1   1.0
1 2 0 1 0 1 0   2.0
1 2 0 1 0 1 1   3.0
1 2 0 1 0 2 0   2.0
1 2 0 1 0 2 1   51.0
1 2 0 1 0 2 2   3.0
1 2 0 1 1 0 2   15.0
1 2 0 1 1 1 0   1.0
1 2 0 1 1 1 1   2.0
1 2 0 1 1 1 2   58.0
1 2 0 1 1 2 1   5.0
1 2 0 1 1 2 2   2.0
1 2 0 1 2 0 0   9.0
1 2 0 1 2 0 1   3.0
1 2 0 1 2 1 0   41.0
1 2 0 1 2 1 1   23.0
1 2 0 1 2 1 2   2.0
1 2 0 1 2 2 0   1.0
1 2 0 1 2 2 1   2.0
1 2 0 1 2 2 2   3.0
1 2 0 2 0 0 0   5.0
1 2 0 2 0 0 1   1.0
1 2 0 2 0 1 0   25.0
1 2 0 2 0 2 0   21.0
1 2 0 2 0 2 1   33.0
1 2 0 2 0 2 2   1.0
1 2 0 2 1 0 0   1.0
1 2 0 2 1 0 1   1.0
1 2 0 2 1 0 2   2.0
1 2 0 2 1 1 0   6.0
1 2 0 2 1 1 1   1.0
1 2 0 2 1 1 2   14.0
1 2 0 2 1 2 0   3.0
1 2 0 2 1 2 1   1.0
1 2 0 2 2 0 0   52.0
1 2 0 2 2 0 1   1.0
1 2 0 2 2 0 2   2.0
1 2 0 2 2 1 0   388.0
1 2 0 2 2 1 1   5.0
1 2 0 2 2 2 0   6.0
1 2 0 2 2 2 1   3.0
1 2 0 2 2 2 2   2.0
1 2 1 0 0 1 1   1.0
1 2 1 0 0 2 1   28.0
1 2 1 0 1 2 1   2.0
1 2 1 0 2 1 0   5.0
1 2 1 0 2 1 1   4.0
1 2 1 0 2 2 1   3.0
1 2 1 1 0 2 1   2.0
1 2 1 1 0 2 2   1.0
1 2 1 1 1 1 2   3.0
1 2 1 1 2 0 1   1.0
1 2 1 1 2 1 0   4.0
1 2 1 1 2 2 1   1.0
1 2 1 2 0 1 2   2.0
1 2 1 2 0 2 0   3.0
1 2 1 2 1 1 0   1.0
1 2 1 2 1 2 0   3.0
1 2 1 2 2 0 0   6.0
1 2 1 2 2 1 0   15.0
1 2 1 2 2 1 1   1.0
1 2 1 2 2 2 0   1.0
1 2 2 0 0 0 0   1.0
1 2 2 0 0 0 1   5.0
1 2 2 0 0 1 0   1.0
1 2 2 0 0 1 1   11.0
1 2 2 0 0 2 0   2.0
1 2 2 0 0 2 1   122.0
1 2 2 0 1 1 1   3.0
1 2 2 0 1 2 1   8.0
1 2 2 0 2 0 0   2.0
1 2 2 0 2 0 1   9.0
1 2 2 0 2 1 0   8.0
1 2 2 0 2 1 1   33.0
1 2 2 0 2 2 1   33.0
1 2 2 1 0 1 1   3.0
1 2 2 1 0 2 1   25.0
1 2 2 1 0 2 2   4.0
1 2 2 1 1 0 2   6.0
1 2 2 1 1 1 1   2.0
1 2 2 1 1 1 2   20.0
1 2 2 1 1 2 0   1.0
1 2 2 1 1 2 1   3.0
1 2 2 1 2 0 0   4.0
1 2 2 1 2 1 0   17.0
1 2 2 1 2 1 1   5.0
1 2 2 1 2 1 2   1.0
1 2 2 1 2 2 1   2.0
1 2 2 2 0 0 0   3.0
1 2 2 2 0 0 1   1.0
1 2 2 2 0 1 0   10.0
1 2 2 2 0 1 1   1.0
1 2 2 2 0 2 0   16.0
1 2 2 2 0 2 1   13.0
1 2 2 2 1 0 0   1.0
1 2 2 2 1 0 2   1.0
1 2 2 2 1 1 0   1.0
1 2 2 2 1 1 2   2.0
1 2 2 2 1 2 0   1.0
1 2 2 2 1 2 1   1.0
1 2 2 2 2 0 0   32.0
1 2 2 2 2 1 0   136.0
1 2 2 2 2 1 1   1.0
1 2 2 2 2 2 0   2.0
1 2 2 2 2 2 2   1.0
2 0 0 0 0 1 1   2.0
2 0 0 0 0 2 1   24.0
2 0 0 0 0 2 2   4.0
2 0 0 0 1 0 2   6.0
2 0 0 0 1 1 0   1.0
2 0 0 0 1 1 2   16.0
2 0 0 0 1 2 1   2.0
2 0 0 0 1 2 2   1.0
2 0 0 0 2 0 1   2.0
2 0 0 0 2 1 0   2.0
2 0 0 0 2 1 1   6.0
2 0 0 0 2 1 2   1.0
2 0 0 0 2 2 1   7.0
2 0 0 1 0 0 2   16.0
2 0 0 1 0 1 1   1.0
2 0 0 1 0 1 2   29.0
2 0 0 1 0 2 1   5.0
2 0 0 1 0 2 2   226.0
2 0 0 1 1 0 2   349.0
2 0 0 1 1 1 2   1867.0
2 0 0 1 1 2 1   1.0
2 0 0 1 1 2 2   98.0
2 0 0 1 2 0 1   1.0
2 0 0 1 2 0 2   9.0
2 0 0 1 2 1 0   4.0
2 0 0 1 2 1 2   67.0
2 0 0 1 2 2 1   2.0
2 0 0 1 2 2 2   33.0
2 0 0 2 0 0 2   2.0
2 0 0 2 0 1 2   3.0
2 0 0 2 0 2 0   1.0
2 0 0 2 0 2 1   1.0
2 0 0 2 0 2 2   25.0
2 0 0 2 1 0 2   50.0
2 0 0 2 1 1 2   273.0
2 0 0 2 1 2 1   1.0
2 0 0 2 1 2 2   13.0
2 0 0 2 2 0 0   6.0
2 0 0 2 2 0 2   4.0
2 0 0 2 2 1 0   29.0
2 0 0 2 2 1 1   1.0
2 0 0 2 2 1 2   5.0
2 0 0 2 2 2 2   5.0
2 0 1 0 0 0 1   1.0
2 0 1 0 0 2 1   5.0
2 0 1 0 0 2 2   1.0
2 0 1 0 1 1 0   1.0
2 0 1 0 2 1 0   1.0
2 0 1 0 2 1 1   2.0
2 0 1 0 2 2 1   1.0
2 0 1 1 0 0 2   1.0
2 0 1 1 0 2 2   14.0
2 0 1 1 1 0 2   35.0
2 0 1 1 1 1 2   169.0
2 0 1 1 1 2 1   1.0
2 0 1 1 1 2 2   9.0
2 0 1 1 2 0 2   2.0
2 0 1 1 2 1 2   8.0
2 0 1 1 2 2 2   1.0
2 0 1 2 0 2 1   1.0
2 0 1 2 1 0 2   7.0
2 0 1 2 1 1 2   24.0
2 0 1 2 1 2 2   1.0
2 0 1 2 2 0 0   3.0
2 0 1 2 2 1 0   5.0
2 0 1 2 2 1 2   1.0
2 0 2 0 0 0 1   6.0
2 0 2 0 0 1 0   1.0
2 0 2 0 0 1 1   3.0
2 0 2 0 0 2 1   92.0
2 0 2 0 1 0 2   1.0
2 0 2 0 1 1 1   3.0
2 0 2 0 1 1 2   11.0
2 0 2 0 1 2 1   4.0
2 0 2 0 2 0 0   1.0
2 0 2 0 2 0 1   1.0
2 0 2 0 2 1 0   2.0
2 0 2 0 2 1 1   21.0
2 0 2 0 2 2 0   1.0
2 0 2 0 2 2 1   6.0
2 0 2 0 2 2 2   2.0
2 0 2 1 0 0 2   10.0
2 0 2 1 0 1 1   1.0
2 0 2 1 0 1 2   16.0
2 0 2 1 0 2 0   1.0
2 0 2 1 0 2 1   12.0
2 0 2 1 0 2 2   126.0
2 0 2 1 1 0 2   204.0
2 0 2 1 1 1 2   1322.0
2 0 2 1 1 2 1   3.0
2 0 2 1 1 2 2   56.0
2 0 2 1 2 0 1   2.0
2 0 2 1 2 0 2   13.0
2 0 2 1 2 1 0   9.0
2 0 2 1 2 1 1   1.0
2 0 2 1 2 1 2   46.0
2 0 2 1 2 2 1   2.0
2 0 2 1 2 2 2   10.0
2 0 2 2 0 1 0   4.0
2 0 2 2 0 1 2   1.0
2 0 2 2 0 2 0   5.0
2 0 2 2 0 2 1   4.0
2 0 2 2 0 2 2   23.0
2 0 2 2 1 0 2   26.0
2 0 2 2 1 1 0   2.0
2 0 2 2 1 1 2   192.0
2 0 2 2 1 2 0   2.0
2 0 2 2 1 2 2   5.0
2 0 2 2 2 0 0   2.0
2 0 2 2 2 0 2   2.0
2 0 2 2 2 1 0   57.0
2 0 2 2 2 1 2   7.0
2 0 2 2 2 2 1   1.0
2 0 2 2 2 2 2   1.0
2 1 0 0 0 0 1   7.0
2 1 0 0 0 1 1   11.0
2 1 0 0 0 1 2   2.0
2 1 0 0 0 2 1   132.0
2 1 0 0 0 2 2   6.0
2 1 0 0 1 0 2   21.0
2 1 0 0 1 1 0   1.0
2 1 0 0 1 1 2   71.0
2 1 0 0 1 2 1   10.0
2 1 0 0 1 2 2   3.0
2 1 0 0 2 0 0   1.0
2 1 0 0 2 0 1   4.0
2 1 0 0 2 1 0   7.0
2 1 0 0 2 1 1   30.0
2 1 0 0 2 1 2   4.0
2 1 0 0 2 2 1   21.0
2 1 0 0 2 2 2   4.0
2 1 0 1 0 0 1   3.0
2 1 0 1 0 0 2   69.0
2 1 0 1 0 1 0   1.0
2 1 0 1 0 1 2   169.0
2 1 0 1 0 2 0   2.0
2 1 0 1 0 2 1   20.0
2 1 0 1 0 2 2   1188.0
2 1 0 1 1 0 2   1768.0
2 1 0 1 1 1 1   1.0
2 1 0 1 1 1 2   10447.0
2 1 0 1 1 2 1   1.0
2 1 0 1 1 2 2   514.0
2 1 0 1 2 0 0   1.0
2 1 0 1 2 0 1   1.0
2 1 0 1 2 0 2   74.0
2 1 0 1 2 1 0   12.0
2 1 0 1 2 1 1   4.0
2 1 0 1 2 1 2   386.0
2 1 0 1 2 2 1   3.0
2 1 0 1 2 2 2   194.0
2 1 0 2 0 0 0   1.0
2 1 0 2 0 0 1   1.0
2 1 0 2 0 0 2   10.0
2 1 0 2 0 1 0   11.0
2 1 0 2 0 1 2   21.0
2 1 0 2 0 2 0   9.0
2 1 0 2 0 2 1   3.0
2 1 0 2 0 2 2   162.0
2 1 0 2 1 0 2   275.0
2 1 0 2 1 1 0   1.0
2 1 0 2 1 1 2   1490.0
2 1 0 2 1 2 1   1.0
2 1 0 2 1 2 2   80.0
2 1 0 2 2 0 0   16.0
2 1 0 2 2 0 2   8.0
2 1 0 2 2 1 0   116.0
2 1 0 2 2 1 1   1.0
2 1 0 2 2 1 2   73.0
2 1 0 2 2 2 0   5.0
2 1 0 2 2 2 1   1.0
2 1 0 2 2 2 2   29.0
2 1 1 0 0 0 1   1.0
2 1 1 0 0 1 1   1.0
2 1 1 0 0 2 1   2.0
2 1 1 0 0 2 2   1.0
2 1 1 0 1 1 2   1.0
2 1 1 0 2 1 1   1.0
2 1 1 0 2 2 1   2.0
2 1 1 0 2 2 2   1.0
2 1 1 1 0 0 2   1.0
2 1 1 1 0 1 2   5.0
2 1 1 1 0 2 2   29.0
2 1 1 1 1 0 2   41.0
2 1 1 1 1 1 2   289.0
2 1 1 1 1 2 2   18.0
2 1 1 1 2 0 1   1.0
2 1 1 1 2 0 2   1.0
2 1 1 1 2 1 1   1.0
2 1 1 1 2 1 2   8.0
2 1 1 1 2 2 2   6.0
2 1 1 2 0 1 2   2.0
2 1 1 2 0 2 2   4.0
2 1 1 2 1 0 2   7.0
2 1 1 2 1 1 2   46.0
2 1 1 2 1 2 2   1.0
2 1 1 2 2 1 0   5.0
2 1 1 2 2 1 2   1.0
2 1 2 0 0 0 1   1.0
2 1 2 0 0 1 0   1.0
2 1 2 0 0 1 2   1.0
2 1 2 0 0 2 1   29.0
2 1 2 0 0 2 2   3.0
2 1 2 0 1 0 2   3.0
2 1 2 0 1 1 1   2.0
2 1 2 0 1 1 2   18.0
2 1 2 0 1 2 1   3.0
2 1 2 0 1 2 2   3.0
2 1 2 0 2 0 1   2.0
2 1 2 0 2 1 0   1.0
2 1 2 0 2 1 1   17.0
2 1 2 0 2 1 2   1.0
2 1 2 0 2 2 1   8.0
2 1 2 0 2 2 2   1.0
2 1 2 1 0 0 1   1.0
2 1 2 1 0 0 2   10.0
2 1 2 1 0 1 1   2.0
2 1 2 1 0 1 2   36.0
2 1 2 1 0 2 1   6.0
2 1 2 1 0 2 2   243.0
2 1 2 1 1 0 2   402.0
2 1 2 1 1 1 1   1.0
2 1 2 1 1 1 2   2346.0
2 1 2 1 1 2 2   89.0
2 1 2 1 2 0 0   2.0
2 1 2 1 2 0 2   15.0
2 1 2 1 2 1 0   3.0
2 1 2 1 2 1 1   1.0
2 1 2 1 2 1 2   83.0
2 1 2 1 2 2 0   1.0
2 1 2 1 2 2 2   56.0
2 1 2 2 0 0 2   1.0
2 1 2 2 0 1 0   1.0
2 1 2 2 0 1 2   4.0
2 1 2 2 0 2 0   2.0
2 1 2 2 0 2 1   1.0
2 1 2 2 0 2 2   37.0
2 1 2 2 1 0 2   61.0
2 1 2 2 1 1 2   357.0
2 1 2 2 1 2 1   1.0
2 1 2 2 1 2 2   21.0
2 1 2 2 2 0 0   9.0
2 1 2 2 2 0 2   2.0
2 1 2 2 2 1 0   21.0
2 1 2 2 2 1 2   19.0
2 1 2 2 2 2 1   1.0
2 1 2 2 2 2 2   8.0
2 2 0 0 0 2 1   7.0
2 2 0 0 1 0 2   2.0
2 2 0 0 1 1 2   4.0
2 2 0 0 2 1 1   2.0
2 2 0 0 2 2 1   1.0
2 2 0 1 0 0 2   2.0
2 2 0 1 0 1 2   3.0
2 2 0 1 0 2 0   2.0
2 2 0 1 0 2 2   65.0
2 2 0 1 1 0 2   77.0
2 2 0 1 1 1 2   498.0
2 2 0 1 1 2 2   31.0
2 2 0 1 2 0 2   6.0
2 2 0 1 2 1 2   20.0
2 2 0 1 2 2 2   7.0
2 2 0 2 0 1 0   1.0
2 2 0 2 0 2 2   8.0
2 2 0 2 1 0 2   11.0
2 2 0 2 1 1 2   52.0
2 2 0 2 1 2 2   6.0
2 2 0 2 2 0 2   1.0
2 2 0 2 2 1 0   5.0
2 2 0 2 2 1 2   3.0
2 2 0 2 2 2 0   1.0
2 2 0 2 2 2 2   1.0
2 2 1 0 2 1 1   1.0
2 2 1 0 2 2 1   1.0
2 2 1 1 0 1 2   1.0
2 2 1 1 0 2 2   3.0
2 2 1 1 1 1 2   25.0
2 2 1 1 1 2 2   2.0
2 2 1 1 2 1 2   1.0
2 2 1 2 1 0 2   1.0
2 2 1 2 1 1 2   5.0
2 2 1 2 2 1 2   1.0
2 2 2 0 0 0 1   1.0
2 2 2 0 0 1 1   1.0
2 2 2 0 0 2 1   8.0
2 2 2 0 1 0 2   1.0
2 2 2 0 2 0 1   1.0
2 2 2 0 2 2 1   1.0
2 2 2 1 0 0 2   1.0
2 2 2 1 0 1 2   4.0
2 2 2 1 0 2 1   1.0
2 2 2 1 0 2 2   21.0
2 2 2 1 1 0 2   28.0
2 2 2 1 1 1 2   139.0
2 2 2 1 1 2 2   7.0
2 2 2 1 2 0 2   1.0
2 2 2 1 2 1 2   3.0
2 2 2 1 2 2 2   4.0
2 2 2 2 1 0 2   5.0
2 2 2 2 1 1 2   30.0
2 2 2 2 1 2 2   1.0
2 2 2 2 2 0 2   2.0
2 2 2 2 2 1 0   4.0
2 2 2 2 2 1 2   2.0
//Total count: 100000.0
