//Data table Produced by the HNB package

Name: default.data

//Variables: name of variable followed by names of states
//           The last variable is the class variable
//            State names must start with English characters
v4: s0 s1 s2 
v6: s0 s1 s2 
v7: s0 s1 s2 
v2: s0 s1 s2 
v8: s0 s1 s2 
v9: s0 s1 s2 
v0: s0 s1 s2 

//Records: The last column contains frequencies.
//	        The second last column contain class labels
//	        0=First state, 1=second state, ...
//	        -1=missing value
0 0 0 0 0 0 1   2.0
0 0 0 0 0 2 1   31.0
0 0 0 0 1 1 1   1.0
0 0 0 0 1 2 1   4.0
0 0 0 0 2 0 0   1.0
0 0 0 0 2 1 0   5.0
0 0 0 0 2 1 1   7.0
0 0 0 0 2 2 1   6.0
0 0 0 1 0 1 1   2.0
0 0 0 1 0 1 2   1.0
0 0 0 1 0 2 0   1.0
0 0 0 1 0 2 1   7.0
0 0 0 1 0 2 2   3.0
0 0 0 1 1 0 2   8.0
0 0 0 1 1 1 2   34.0
0 0 0 1 2 0 0   2.0
0 0 0 1 2 0 1   1.0
0 0 0 1 2 0 2   1.0
0 0 0 1 2 1 0   3.0
0 0 0 1 2 1 1   2.0
0 0 0 1 2 2 1   4.0
0 0 0 2 0 2 1   2.0
0 0 0 2 1 0 2   1.0
0 0 0 2 1 1 2   7.0
0 0 0 2 2 0 0   3.0
0 0 0 2 2 1 0   20.0
0 0 0 2 2 1 1   1.0
0 0 0 2 2 2 2   1.0
0 0 1 0 0 2 1   7.0
0 0 1 0 2 1 0   1.0
0 0 1 0 2 1 1   3.0
0 0 1 1 0 2 1   3.0
0 0 1 1 1 0 2   1.0
0 0 1 1 1 1 2   6.0
0 0 1 1 2 0 1   1.0
0 0 1 1 2 1 2   1.0
0 0 1 2 0 1 0   1.0
0 0 1 2 1 1 0   1.0
0 0 1 2 1 1 2   1.0
0 0 1 2 2 1 0   4.0
0 0 1 2 2 2 0   1.0
0 0 2 0 0 0 1   1.0
0 0 2 0 0 1 1   9.0
0 0 2 0 0 2 0   1.0
0 0 2 0 0 2 1   129.0
0 0 2 0 1 0 0   1.0
0 0 2 0 1 1 0   1.0
0 0 2 0 1 1 1   2.0
0 0 2 0 1 1 2   2.0
0 0 2 0 1 2 1   10.0
0 0 2 0 2 0 1   7.0
0 0 2 0 2 1 0   6.0
0 0 2 0 2 1 1   31.0
0 0 2 0 2 2 1   33.0
0 0 2 1 0 0 1   3.0
0 0 2 1 0 1 0   1.0
0 0 2 1 0 1 1   1.0
0 0 2 1 0 2 0   1.0
0 0 2 1 0 2 1   24.0
0 0 2 1 0 2 2   6.0
0 0 2 1 1 0 0   1.0
0 0 2 1 1 0 2   13.0
0 0 2 1 1 1 2   64.0
0 0 2 1 1 2 1   2.0
0 0 2 1 1 2 2   3.0
0 0 2 1 2 0 0   2.0
0 0 2 1 2 1 0   8.0
0 0 2 1 2 1 1   5.0
0 0 2 1 2 1 2   1.0
0 0 2 1 2 2 1   1.0
0 0 2 1 2 2 2   2.0
0 0 2 2 0 0 0   1.0
0 0 2 2 0 0 1   1.0
0 0 2 2 0 0 2   1.0
0 0 2 2 0 1 0   4.0
0 0 2 2 0 1 1   1.0
0 0 2 2 0 1 2   1.0
0 0 2 2 0 2 0   4.0
0 0 2 2 0 2 1   10.0
0 0 2 2 0 2 2   2.0
0 0 2 2 1 0 2   1.0
0 0 2 2 1 1 0   1.0
0 0 2 2 1 1 1   1.0
0 0 2 2 1 1 2   14.0
0 0 2 2 1 2 2   1.0
0 0 2 2 2 0 0   8.0
0 0 2 2 2 1 0   75.0
0 0 2 2 2 2 0   2.0
0 1 0 0 0 0 1   4.0
0 1 0 0 0 1 1   6.0
0 1 0 0 0 2 0   1.0
0 1 0 0 0 2 1   75.0
0 1 0 0 0 2 2   1.0
0 1 0 0 1 0 2   1.0
0 1 0 0 1 1 1   1.0
0 1 0 0 1 1 2   1.0
0 1 0 0 1 2 1   8.0
0 1 0 0 2 0 1   1.0
0 1 0 0 2 1 0   3.0
0 1 0 0 2 1 1   13.0
0 1 0 0 2 2 0   1.0
0 1 0 0 2 2 1   15.0
0 1 0 1 0 1 1   1.0
0 1 0 1 0 1 2   4.0
0 1 0 1 0 2 1   13.0
0 1 0 1 0 2 2   18.0
0 1 0 1 1 0 2   36.0
0 1 0 1 1 1 2   181.0
0 1 0 1 1 2 1   1.0
0 1 0 1 1 2 2   5.0
0 1 0 1 2 0 1   2.0
0 1 0 1 2 0 2   2.0
0 1 0 1 2 1 0   10.0
0 1 0 1 2 1 1   4.0
0 1 0 1 2 1 2   11.0
0 1 0 1 2 2 1   1.0
0 1 0 1 2 2 2   3.0
0 1 0 2 0 0 2   1.0
0 1 0 2 0 1 0   2.0
0 1 0 2 0 2 0   6.0
0 1 0 2 0 2 1   2.0
0 1 0 2 0 2 2   2.0
0 1 0 2 1 0 2   5.0
0 1 0 2 1 1 2   32.0
0 1 0 2 2 0 0   10.0
0 1 0 2 2 1 0   63.0
0 1 0 2 2 1 1   1.0
0 1 0 2 2 1 2   2.0
0 1 0 2 2 2 0   1.0
0 1 0 2 2 2 1   1.0
0 1 1 0 0 2 1   1.0
0 1 1 0 2 1 1   2.0
0 1 1 1 0 0 1   1.0
0 1 1 1 0 1 2   1.0
0 1 1 1 0 2 1   1.0
0 1 1 1 1 1 2   4.0
0 1 1 1 1 2 2   1.0
0 1 1 1 2 1 2   1.0
0 1 1 2 0 2 0   1.0
0 1 1 2 1 1 2   1.0
0 1 1 2 2 1 0   2.0
0 1 2 0 0 0 1   1.0
0 1 2 0 0 1 1   3.0
0 1 2 0 0 2 1   31.0
0 1 2 0 1 1 1   1.0
0 1 2 0 1 2 1   4.0
0 1 2 0 2 0 1   1.0
0 1 2 0 2 1 1   11.0
0 1 2 0 2 2 1   13.0
0 1 2 1 0 0 1   1.0
0 1 2 1 0 1 1   1.0
0 1 2 1 0 2 1   4.0
0 1 2 1 0 2 2   4.0
0 1 2 1 1 0 2   6.0
0 1 2 1 1 1 2   51.0
0 1 2 1 1 2 1   1.0
0 1 2 1 1 2 2   1.0
0 1 2 1 2 0 0   3.0
0 1 2 1 2 1 0   2.0
0 1 2 1 2 1 1   3.0
0 1 2 1 2 1 2   1.0
0 1 2 1 2 2 0   1.0
0 1 2 2 0 0 2   1.0
0 1 2 2 0 2 0   1.0
0 1 2 2 0 2 1   1.0
0 1 2 2 1 0 2   1.0
0 1 2 2 1 1 2   7.0
0 1 2 2 2 0 0   3.0
0 1 2 2 2 1 0   22.0
0 2 0 0 0 2 1   3.0
0 2 0 0 1 2 1   1.0
0 2 0 1 0 1 1   1.0
0 2 0 1 0 2 1   1.0
0 2 0 1 1 0 2   2.0
0 2 0 1 1 1 2   8.0
0 2 0 1 1 2 2   1.0
0 2 0 1 2 1 0   2.0
0 2 0 1 2 1 2   1.0
0 2 0 2 1 1 2   1.0
0 2 0 2 2 1 0   4.0
0 2 1 0 2 1 1   1.0
0 2 1 1 1 1 2   1.0
0 2 1 2 2 0 0   1.0
0 2 1 2 2 2 1   1.0
0 2 2 0 0 1 1   1.0
0 2 2 0 0 2 1   13.0
0 2 2 0 1 1 1   1.0
0 2 2 0 1 1 2   1.0
0 2 2 0 2 1 1   1.0
0 2 2 0 2 2 0   1.0
0 2 2 0 2 2 1   2.0
0 2 2 1 0 1 0   1.0
0 2 2 1 1 1 2   8.0
0 2 2 1 1 2 2   1.0
0 2 2 1 2 1 2   2.0
0 2 2 2 1 1 2   1.0
0 2 2 2 2 0 0   2.0
0 2 2 2 2 1 0   4.0
1 0 0 0 0 0 1   7.0
1 0 0 0 0 1 1   12.0
1 0 0 0 0 2 1   141.0
1 0 0 0 1 0 1   1.0
1 0 0 0 1 1 2   1.0
1 0 0 0 1 2 1   16.0
1 0 0 0 2 0 0   2.0
1 0 0 0 2 0 1   9.0
1 0 0 0 2 1 0   15.0
1 0 0 0 2 1 1   36.0
1 0 0 0 2 1 2   1.0
1 0 0 0 2 2 1   25.0
1 0 0 1 0 0 2   1.0
1 0 0 1 0 1 1   1.0
1 0 0 1 0 1 2   1.0
1 0 0 1 0 2 0   2.0
1 0 0 1 0 2 1   31.0
1 0 0 1 0 2 2   7.0
1 0 0 1 1 0 2   3.0
1 0 0 1 1 1 2   23.0
1 0 0 1 1 2 1   1.0
1 0 0 1 1 2 2   1.0
1 0 0 1 2 0 0   3.0
1 0 0 1 2 0 1   3.0
1 0 0 1 2 1 0   17.0
1 0 0 1 2 1 1   6.0
1 0 0 1 2 1 2   1.0
1 0 0 1 2 2 0   1.0
1 0 0 1 2 2 1   4.0
1 0 0 1 2 2 2   2.0
1 0 0 2 0 0 0   4.0
1 0 0 2 0 0 1   1.0
1 0 0 2 0 0 2   1.0
1 0 0 2 0 1 0   13.0
1 0 0 2 0 2 0   10.0
1 0 0 2 0 2 1   7.0
1 0 0 2 0 2 2   1.0
1 0 0 2 1 0 0   1.0
1 0 0 2 1 0 2   1.0
1 0 0 2 1 1 0   2.0
1 0 0 2 1 1 2   1.0
1 0 0 2 1 2 1   2.0
1 0 0 2 2 0 0   27.0
1 0 0 2 2 1 0   135.0
1 0 0 2 2 1 1   6.0
1 0 0 2 2 2 0   1.0
1 0 0 2 2 2 1   1.0
1 0 1 0 0 0 1   1.0
1 0 1 0 0 2 1   13.0
1 0 1 0 2 0 0   1.0
1 0 1 0 2 0 1   1.0
1 0 1 0 2 1 1   3.0
1 0 1 0 2 2 1   4.0
1 0 1 1 0 2 1   3.0
1 0 1 1 1 1 2   4.0
1 0 1 1 2 1 0   4.0
1 0 1 1 2 1 1   1.0
1 0 1 2 0 0 0   2.0
1 0 1 2 0 1 0   2.0
1 0 1 2 0 2 0   2.0
1 0 1 2 1 0 0   1.0
1 0 1 2 1 1 0   1.0
1 0 1 2 2 0 0   2.0
1 0 1 2 2 1 0   7.0
1 0 2 0 0 0 1   9.0
1 0 2 0 0 1 0   1.0
1 0 2 0 0 1 1   7.0
1 0 2 0 0 2 0   1.0
1 0 2 0 0 2 1   122.0
1 0 2 0 1 1 1   2.0
1 0 2 0 1 1 2   1.0
1 0 2 0 1 2 1   9.0
1 0 2 0 2 0 0   2.0
1 0 2 0 2 0 1   6.0
1 0 2 0 2 1 0   10.0
1 0 2 0 2 1 1   37.0
1 0 2 0 2 2 1   21.0
1 0 2 1 0 0 0   1.0
1 0 2 1 0 0 1   2.0
1 0 2 1 0 1 0   1.0
1 0 2 1 0 1 1   4.0
1 0 2 1 0 2 0   1.0
1 0 2 1 0 2 1   19.0
1 0 2 1 0 2 2   4.0
1 0 2 1 1 0 2   5.0
1 0 2 1 1 1 1   3.0
1 0 2 1 1 1 2   30.0
1 0 2 1 1 2 1   1.0
1 0 2 1 1 2 2   2.0
1 0 2 1 2 0 0   1.0
1 0 2 1 2 1 0   21.0
1 0 2 1 2 1 1   4.0
1 0 2 1 2 2 1   6.0
1 0 2 1 2 2 2   1.0
1 0 2 2 0 0 0   2.0
1 0 2 2 0 1 0   11.0
1 0 2 2 0 1 1   2.0
1 0 2 2 0 2 0   4.0
1 0 2 2 0 2 1   4.0
1 0 2 2 0 2 2   2.0
1 0 2 2 1 0 0   1.0
1 0 2 2 1 0 2   1.0
1 0 2 2 1 1 0   2.0
1 0 2 2 1 1 2   4.0
1 0 2 2 1 2 1   1.0
1 0 2 2 2 0 0   22.0
1 0 2 2 2 1 0   128.0
1 0 2 2 2 1 1   5.0
1 0 2 2 2 2 0   1.0
1 0 2 2 2 2 1   2.0
1 1 0 0 0 0 1   38.0
1 1 0 0 0 1 0   6.0
1 1 0 0 0 1 1   67.0
1 1 0 0 0 2 0   7.0
1 1 0 0 0 2 1   839.0
1 1 0 0 1 1 0   1.0
1 1 0 0 1 1 1   20.0
1 1 0 0 1 1 2   2.0
1 1 0 0 1 2 1   64.0
1 1 0 0 2 0 0   14.0
1 1 0 0 2 0 1   35.0
1 1 0 0 2 1 0   81.0
1 1 0 0 2 1 1   194.0
1 1 0 0 2 2 1   143.0
1 1 0 1 0 0 0   3.0
1 1 0 1 0 0 1   9.0
1 1 0 1 0 0 2   2.0
1 1 0 1 0 1 0   1.0
1 1 0 1 0 1 1   19.0
1 1 0 1 0 2 0   10.0
1 1 0 1 0 2 1   137.0
1 1 0 1 0 2 2   14.0
1 1 0 1 1 0 2   26.0
1 1 0 1 1 1 0   2.0
1 1 0 1 1 1 1   4.0
1 1 0 1 1 1 2   140.0
1 1 0 1 1 2 1   4.0
1 1 0 1 1 2 2   7.0
1 1 0 1 2 0 0   16.0
1 1 0 1 2 0 1   5.0
1 1 0 1 2 0 2   1.0
1 1 0 1 2 1 0   119.0
1 1 0 1 2 1 1   30.0
1 1 0 1 2 1 2   3.0
1 1 0 1 2 2 0   2.0
1 1 0 1 2 2 1   17.0
1 1 0 1 2 2 2   2.0
1 1 0 2 0 0 0   4.0
1 1 0 2 0 0 1   1.0
1 1 0 2 0 1 0   56.0
1 1 0 2 0 1 1   3.0
1 1 0 2 0 2 0   63.0
1 1 0 2 0 2 1   43.0
1 1 0 2 0 2 2   4.0
1 1 0 2 1 0 0   1.0
1 1 0 2 1 1 0   19.0
1 1 0 2 1 1 1   4.0
1 1 0 2 1 1 2   20.0
1 1 0 2 1 2 0   8.0
1 1 0 2 1 2 1   1.0
1 1 0 2 1 2 2   1.0
1 1 0 2 2 0 0   126.0
1 1 0 2 2 0 1   1.0
1 1 0 2 2 1 0   912.0
1 1 0 2 2 1 1   10.0
1 1 0 2 2 2 0   24.0
1 1 0 2 2 2 1   10.0
1 1 1 0 0 1 1   1.0
1 1 1 0 0 2 1   14.0
1 1 1 0 1 2 1   2.0
1 1 1 0 2 1 0   1.0
1 1 1 0 2 1 1   5.0
1 1 1 0 2 2 0   1.0
1 1 1 0 2 2 1   3.0
1 1 1 1 0 2 1   6.0
1 1 1 1 0 2 2   1.0
1 1 1 1 1 1 2   6.0
1 1 1 1 1 2 1   1.0
1 1 1 1 2 0 1   1.0
1 1 1 1 2 1 0   1.0
1 1 1 1 2 1 1   2.0
1 1 1 1 2 2 1   1.0
1 1 1 1 2 2 2   1.0
1 1 1 2 0 0 0   1.0
1 1 1 2 0 2 0   1.0
1 1 1 2 0 2 1   2.0
1 1 1 2 1 0 0   1.0
1 1 1 2 1 1 0   1.0
1 1 1 2 2 0 0   5.0
1 1 1 2 2 1 0   22.0
1 1 1 2 2 1 1   2.0
1 1 1 2 2 2 0   1.0
1 1 1 2 2 2 1   1.0
1 1 2 0 0 0 1   10.0
1 1 2 0 0 1 0   2.0
1 1 2 0 0 1 1   16.0
1 1 2 0 0 2 0   1.0
1 1 2 0 0 2 1   195.0
1 1 2 0 1 0 1   3.0
1 1 2 0 1 0 2   1.0
1 1 2 0 1 1 1   8.0
1 1 2 0 1 2 0   1.0
1 1 2 0 1 2 1   16.0
1 1 2 0 2 0 0   2.0
1 1 2 0 2 0 1   10.0
1 1 2 0 2 1 0   14.0
1 1 2 0 2 1 1   48.0
1 1 2 0 2 2 1   31.0
1 1 2 1 0 0 0   1.0
1 1 2 1 0 1 0   1.0
1 1 2 1 0 2 0   3.0
1 1 2 1 0 2 1   36.0
1 1 2 1 0 2 2   2.0
1 1 2 1 1 0 2   5.0
1 1 2 1 1 1 1   1.0
1 1 2 1 1 1 2   26.0
1 1 2 1 1 2 1   2.0
1 1 2 1 1 2 2   1.0
1 1 2 1 2 0 0   4.0
1 1 2 1 2 1 0   25.0
1 1 2 1 2 1 1   5.0
1 1 2 1 2 1 2   2.0
1 1 2 1 2 2 1   4.0
1 1 2 1 2 2 2   1.0
1 1 2 2 0 0 0   3.0
1 1 2 2 0 0 1   1.0
1 1 2 2 0 1 0   12.0
1 1 2 2 0 1 1   1.0
1 1 2 2 0 2 0   13.0
1 1 2 2 0 2 1   3.0
1 1 2 2 0 2 2   1.0
1 1 2 2 1 0 0   2.0
1 1 2 2 1 1 0   5.0
1 1 2 2 1 1 2   3.0
1 1 2 2 1 2 0   1.0
1 1 2 2 2 0 0   19.0
1 1 2 2 2 1 0   184.0
1 1 2 2 2 1 1   5.0
1 1 2 2 2 2 0   5.0
1 1 2 2 2 2 1   1.0
1 2 0 0 0 0 1   1.0
1 2 0 0 0 1 1   5.0
1 2 0 0 0 2 1   45.0
1 2 0 0 1 0 1   1.0
1 2 0 0 1 1 1   3.0
1 2 0 0 1 2 1   5.0
1 2 0 0 2 1 0   1.0
1 2 0 0 2 1 1   11.0
1 2 0 0 2 2 1   7.0
1 2 0 1 0 0 1   1.0
1 2 0 1 0 1 2   1.0
1 2 0 1 0 2 1   7.0
1 2 0 1 1 0 2   2.0
1 2 0 1 1 1 2   2.0
1 2 0 1 1 2 1   2.0
1 2 0 1 2 0 0   1.0
1 2 0 1 2 1 0   5.0
1 2 0 1 2 1 1   1.0
1 2 0 1 2 2 1   3.0
1 2 0 2 0 1 0   2.0
1 2 0 2 0 2 0   3.0
1 2 0 2 0 2 1   4.0
1 2 0 2 1 1 0   1.0
1 2 0 2 1 1 2   2.0
1 2 0 2 1 2 1   1.0
1 2 0 2 2 0 0   4.0
1 2 0 2 2 1 0   33.0
1 2 0 2 2 1 1   1.0
1 2 0 2 2 2 0   2.0
1 2 1 0 0 2 1   2.0
1 2 1 1 0 2 1   1.0
1 2 1 1 1 1 2   1.0
1 2 1 2 1 1 2   1.0
1 2 2 0 0 0 1   2.0
1 2 2 0 0 1 1   1.0
1 2 2 0 0 2 1   10.0
1 2 2 0 1 2 1   1.0
1 2 2 0 2 0 1   1.0
1 2 2 0 2 1 0   1.0
1 2 2 0 2 1 1   5.0
1 2 2 0 2 2 1   1.0
1 2 2 1 0 1 2   1.0
1 2 2 1 0 2 1   4.0
1 2 2 1 1 1 2   1.0
1 2 2 2 0 1 0   4.0
1 2 2 2 2 0 0   1.0
1 2 2 2 2 1 0   21.0
2 0 0 0 0 2 1   1.0
2 0 0 0 0 2 2   1.0
2 0 0 0 1 1 2   2.0
2 0 0 0 1 2 1   1.0
2 0 0 0 2 1 1   1.0
2 0 0 1 0 0 2   1.0
2 0 0 1 0 2 1   2.0
2 0 0 1 0 2 2   16.0
2 0 0 1 1 0 2   31.0
2 0 0 1 1 1 2   198.0
2 0 0 1 1 2 2   10.0
2 0 0 1 2 0 2   1.0
2 0 0 1 2 1 2   10.0
2 0 0 1 2 2 2   2.0
2 0 0 2 0 0 2   1.0
2 0 0 2 1 0 2   6.0
2 0 0 2 1 1 2   19.0
2 0 0 2 1 2 2   1.0
2 0 0 2 2 1 0   8.0
2 0 0 2 2 1 2   1.0
2 0 0 2 2 2 2   1.0
2 0 1 0 1 1 2   1.0
2 0 1 1 0 1 2   1.0
2 0 1 1 0 2 1   1.0
2 0 1 1 0 2 2   2.0
2 0 1 1 1 0 2   4.0
2 0 1 1 1 1 2   13.0
2 0 1 1 2 0 0   1.0
2 0 1 2 0 2 2   1.0
2 0 1 2 1 1 2   1.0
2 0 1 2 2 1 2   1.0
2 0 2 0 0 1 1   1.0
2 0 2 0 0 2 1   16.0
2 0 2 0 1 1 2   2.0
2 0 2 0 2 1 1   3.0
2 0 2 0 2 2 1   2.0
2 0 2 1 0 0 2   2.0
2 0 2 1 0 1 2   4.0
2 0 2 1 0 2 1   1.0
2 0 2 1 0 2 2   16.0
2 0 2 1 1 0 2   22.0
2 0 2 1 1 1 2   126.0
2 0 2 1 1 2 2   8.0
2 0 2 1 2 0 2   1.0
2 0 2 1 2 1 0   1.0
2 0 2 1 2 1 1   1.0
2 0 2 1 2 1 2   6.0
2 0 2 1 2 2 1   1.0
2 0 2 1 2 2 2   3.0
2 0 2 2 0 2 1   1.0
2 0 2 2 1 0 2   2.0
2 0 2 2 1 1 2   9.0
2 0 2 2 1 2 2   2.0
2 0 2 2 2 0 0   1.0
2 0 2 2 2 1 0   4.0
2 0 2 2 2 1 2   2.0
2 1 0 0 0 0 1   2.0
2 1 0 0 0 1 1   2.0
2 1 0 0 0 2 1   17.0
2 1 0 0 1 0 2   3.0
2 1 0 0 1 1 1   1.0
2 1 0 0 1 1 2   2.0
2 1 0 0 2 1 0   1.0
2 1 0 0 2 1 1   3.0
2 1 0 0 2 1 2   1.0
2 1 0 0 2 2 1   2.0
2 1 0 0 2 2 2   1.0
2 1 0 1 0 0 1   1.0
2 1 0 1 0 0 2   4.0
2 1 0 1 0 1 2   13.0
2 1 0 1 0 2 1   3.0
2 1 0 1 0 2 2   122.0
2 1 0 1 1 0 2   170.0
2 1 0 1 1 1 2   1067.0
2 1 0 1 1 2 2   49.0
2 1 0 1 2 0 1   1.0
2 1 0 1 2 0 2   8.0
2 1 0 1 2 1 0   5.0
2 1 0 1 2 1 2   46.0
2 1 0 1 2 2 1   1.0
2 1 0 1 2 2 2   23.0
2 1 0 2 0 0 2   1.0
2 1 0 2 0 2 0   1.0
2 1 0 2 0 2 2   15.0
2 1 0 2 1 0 2   20.0
2 1 0 2 1 1 2   152.0
2 1 0 2 1 2 2   11.0
2 1 0 2 2 0 0   1.0
2 1 0 2 2 0 1   1.0
2 1 0 2 2 0 2   1.0
2 1 0 2 2 1 0   15.0
2 1 0 2 2 1 2   8.0
2 1 0 2 2 2 2   5.0
2 1 1 0 1 2 1   1.0
2 1 1 1 0 2 2   8.0
2 1 1 1 1 0 2   6.0
2 1 1 1 1 1 2   33.0
2 1 1 2 1 1 2   6.0
2 1 1 2 1 2 2   1.0
2 1 2 0 0 2 1   3.0
2 1 2 0 1 0 2   1.0
2 1 2 0 1 1 2   1.0
2 1 2 0 2 0 1   1.0
2 1 2 0 2 2 1   1.0
2 1 2 1 0 0 2   3.0
2 1 2 1 0 1 2   5.0
2 1 2 1 0 2 1   1.0
2 1 2 1 0 2 2   25.0
2 1 2 1 1 0 2   30.0
2 1 2 1 1 1 2   220.0
2 1 2 1 1 2 2   20.0
2 1 2 1 2 0 2   2.0
2 1 2 1 2 1 2   5.0
2 1 2 1 2 2 2   2.0
2 1 2 2 0 0 2   1.0
2 1 2 2 0 2 2   2.0
2 1 2 2 1 0 2   7.0
2 1 2 2 1 1 2   34.0
2 1 2 2 2 0 0   1.0
2 1 2 2 2 1 0   4.0
2 1 2 2 2 1 2   1.0
2 1 2 2 2 2 0   1.0
2 2 0 0 0 2 1   1.0
2 2 0 0 2 2 2   1.0
2 2 0 1 0 0 2   1.0
2 2 0 1 0 1 2   2.0
2 2 0 1 0 2 2   5.0
2 2 0 1 1 0 2   8.0
2 2 0 1 1 1 2   49.0
2 2 0 1 1 2 2   4.0
2 2 0 1 2 0 2   1.0
2 2 0 1 2 1 2   2.0
2 2 0 1 2 2 2   2.0
2 2 0 2 0 1 0   1.0
2 2 0 2 1 0 2   1.0
2 2 0 2 1 1 2   7.0
2 2 0 2 2 0 0   1.0
2 2 1 1 1 1 2   3.0
2 2 1 1 1 2 2   1.0
2 2 1 2 1 0 2   1.0
2 2 1 2 1 1 2   4.0
2 2 2 0 2 1 1   1.0
2 2 2 1 0 2 1   1.0
2 2 2 1 1 0 2   2.0
2 2 2 1 1 1 2   8.0
2 2 2 1 2 1 1   1.0
2 2 2 2 1 0 2   1.0
2 2 2 2 1 1 2   4.0
2 2 2 2 2 1 0   2.0
//Total count: 10000.0
