0.7656641604010025
0.8109684947491248
0.7610619469026548
0.7301980198019802
0.7455830388692579
0.8245398773006135
0.7506142506142506
0.720677146311971
0.6188769414575866
0.6854219948849105
0.7247474747474747
0.6968599033816425
0.7404580152671756
0.7116564417177914
0.6360294117647058
0.5482295482295483
0.5050505050505051
0.7727840199750312
0.7566137566137566
0.7047738693467337
0.7298636926889716
0.7779126213592233
0.7098039215686275
0.7463235294117647
0.752157829839704
0.7967581047381546
0.6122448979591837
0.7366459627329193
0.5447761194029851
0.6511335012594458
0.7701711491442543
0.65875
0.6336375488917861
0.8343634116192831
0.6899736147757256
0.7831912302070646
0.7273838630806846
0.7557544757033248
0.7191697191697192
0.6438896189224704
0.6521197007481296
0.7046818727490997
0.7949940405244339
0.7324120603015075
0.6501854140914709
0.61
0.7416777629826897
0.5869837296620776
0.6596534653465347
0.5536585365853659
0.5614702154626109
0.6546583850931676
0.7756410256410257
0.768944099378882
0.6972704714640199
0.6917562724014337
0.7027363184079602
0.6968152866242038
0.7289836888331243
0.6043425814234017
0.7198492462311558
0.7062423500611995
0.7464953271028038
0.7408312958435208
0.6577017114914425
0.6461336828309305
0.6641883519206939
0.7307692307692307
0.7630573248407644
0.5595984943538268
0.8460543337645536
0.7315270935960592
0.5962025316455696
0.7556109725685786
0.7389659520807061
0.7358490566037735
0.669609079445145
0.7980652962515115
0.6917900403768507
0.7422934648581998
0.5306633291614519
0.7373612823674476
0.7868649318463445
0.6195928753180662
0.8225806451612904
0.7667887667887668
0.693384223918575
0.46350832266325226
0.6896120150187734
0.7429305912596401
0.7645600991325898
0.5965130759651308
0.7347447073474471
0.739294710327456
0.7448856799037304
0.6402966625463535
0.6054181389870436
0.5643312101910828
0.7318361955085865
0.8019680196801968
0.7275031685678074
0.6609756097560976
0.5812807881773399
0.7635903919089759
0.6170763260025873
0.7680209698558322
0.5530864197530864
0.6476552598225602
0.8007761966364813
0.743558282208589
0.6002304147465438
0.6817593790426908
0.6579275905118602
0.6840764331210191
0.7517814726840855
0.7961038961038961
0.6412213740458015
0.7355473554735548
0.5809178743961353
0.6173469387755102
0.8022813688212928
0.5808823529411765
0.8545673076923077
0.6800535475234271
0.7836538461538461
0.7243047158403869
0.5518072289156627
0.7361111111111112
0.7149817295980512
0.7835723598435462
0.7992073976221928
0.7140992167101827
0.7237715803452855
0.6309523809523809
0.7229987293519695
0.741851368970013
0.7144686299615877
0.7831168831168831
0.613031914893617
0.7297297297297297
0.7889447236180904
0.7035110533159948
0.7350318471337579
0.4841168996188056
0.6856780735107731
0.704119850187266
0.6928838951310862
0.7429620563035496
0.8037602820211516
0.648854961832061
0.7228915662650602
0.7710396039603961
0.8759305210918115
0.810880829015544
0.759235668789809
0.7617866004962779
0.75375
0.7793939393939394
0.7247820672478207
0.6506602641056423
0.7468193384223919
0.7677165354330708
0.8463414634146341
0.7839506172839507
0.6679151061173533
0.5483870967741935
0.719029374201788
0.6057692307692307
0.6234718826405868
0.7805800756620429
0.6407766990291263
0.8095808383233533
0.6330275229357798
0.8209331651954602
0.7292191435768262
0.7040816326530612
0.5731559854897219
0.750924784217016
0.7316176470588235
0.7416149068322981
0.7304964539007093
0.8159509202453987
0.5705368289637952
0.7276119402985075
0.6226175349428208
0.6447204968944099
0.7926829268292683
0.7811004784688995
0.6760048721071864
0.676039119804401
0.7924528301886793
0.8026159334126041
0.7480314960629921
0.5861244019138756
0.7544757033248082
0.7252195734002509
0.5727040816326531
0.46926713947990545
0.732824427480916
0.6483103879849812
0.7449494949494949
0.7280813214739518
0.4987405541561713
0.7062350119904077
0.6226650062266501
0.7229987293519695
0.6743063932448733
0.7365661861074705
0.6556122448979592
0.7636138613861386
0.6517150395778364
0.4706616729088639
0.7910447761194029
0.5905118601747815
0.7435265104808878
0.7055771725032426
0.6568123393316195
0.6373626373626373
0.6280193236714976
0.7561576354679803
0.639225181598063
0.7347447073474471
0.7391304347826086
0.5423122765196663
0.7153846153846154
0.7888349514563107
0.7230576441102757
0.6519666269368296
0.7717948717948718
0.64629388816645
0.724907063197026
0.556687898089172
0.7714987714987716
0.7173637515842839
0.7335811648079306
0.6980891719745222
0.6833333333333333
0.6984334203655352
0.7615480649188514
0.6810673443456162
0.5636588380716935
0.6417370325693607
0.688039457459926
0.7806060606060606
0.7286063569682152
0.8069963811821471
0.769889840881273
0.5321100917431193
0.7271589486858573
0.7894088669950738
0.7305764411027569
0.7716049382716049
0.7086513994910941
0.7429620563035496
0.714975845410628
0.791921664626683
0.6717363751584284
0.6767922235722965
0.8339622641509434
0.6845466155810983
0.7111111111111111
0.7278401997503121
0.6754491017964072
0.7060333761232349
0.7664907651715039
0.6599749058971142
0.7821782178217822
0.5451080050825922
0.6792682926829269
0.6434010152284264
0.6856435643564357
0.6445783132530121
0.7129071170084439
0.677376171352075
0.67
0.6598726114649681
0.72125
0.6304347826086957
0.7379480840543882
0.8074074074074075
0.6485461441213654
0.6847545219638242
0.6440460947503202
0.5970937912813739
0.7153465346534653
0.691046658259773
0.6642246642246642
0.7170731707317073
0.737037037037037
0.7716129032258064
0.7402912621359223
0.7303370786516854
0.5614266842800528
0.7410161090458488
0.7453646477132262
0.7839135654261705
0.720873786407767
0.6147342995169082
0.8668341708542714
0.7434620174346201
0.7849331713244229
0.6299019607843137
0.625615763546798
0.6528623629719854
0.637997432605905
0.7593984962406015
0.6527958387516255
0.7407407407407407
0.6486825595984943
0.7277289836888331
0.5112781954887218
0.6777920410783055
0.5644768856447688
0.7291399229781772
0.751219512195122
0.7303225806451613
0.6433915211970075
0.6939546599496221
0.6266996291718171
0.7627737226277372
0.7483870967741936
0.6371681415929203
0.8123359580052494
0.467680608365019
0.7641277641277642
0.6488250652741514
0.706700379266751
0.620817843866171
0.7258261933904528
0.7866004962779156
0.6501901140684411
0.7830882352941176
0.6215880893300249
0.6954377311960542
0.6831566548881036
0.5911458333333334
0.5011574074074074
0.6943127962085308
0.743558282208589
0.6535532994923858
0.758576874205845
0.7139240506329114
0.5853658536585366
0.7226890756302521
0.6283950617283951
0.756857855361596
0.7180851063829787
0.7815950920245399
0.7283018867924528
0.7536423841059603
0.7232704402515723
0.5987261146496815
0.6403508771929824
0.7549751243781094
0.8746928746928747
0.7049180327868853
0.8341902313624678
0.6828087167070218
0.7374233128834355
0.6007371007371007
0.6567741935483871
0.7461734693877551
0.6601941747572816
0.7486263736263736
0.5623441396508728
0.7315521628498728
0.7032019704433498
0.7182770663562281
0.6945876288659794
0.7866004962779156
0.822463768115942
0.7668269230769231
0.6934673366834171
0.6715151515151515
0.7181705809641533
0.6701434159061278
0.753309265944645
0.7549824150058617
0.674775928297055
0.6257901390644753
0.7434292866082604
0.7209302325581395
0.5698393077873919
0.7776332899869961
0.7950310559006211
0.7180406212664278
0.5469543147208121
0.8324742268041238
0.7553699284009546
0.5277435265104808
0.7361809045226131
0.7325728770595691
0.6197183098591549
0.7575360419397117
0.7751842751842751
0.7970297029702971
0.7222929936305732
0.7161676646706587
0.6353383458646616
0.6915887850467289
0.7617866004962779
0.7170971709717097
0.6571782178217822
0.7464968152866241
0.6408706166868199
0.5797872340425532
0.7309782608695652
0.7815126050420168
0.7696139476961394
0.6146220570012392
0.616822429906542
0.75453446191052
0.7037943696450428
0.7146371463714637
0.7527675276752768
0.7759282970550576
0.8357843137254902
0.6165228113440198
0.7819843342036553
0.754257907542579
0.6620947630922693
0.6715151515151515
0.760545905707196
0.650571791613723
0.7386934673366834
0.758576874205845
0.7458064516129033
0.652
0.7016434892541087
0.6946182728410513
0.5304347826086957
0.6687116564417178
0.7039800995024875
0.7286432160804021
0.6269430051813472
0.6841463414634147
0.6510152284263959
0.7074340527577938
0.4739583333333333
0.5810126582278481
0.7477243172951885
0.6692506459948321
0.7711442786069652
0.5997409326424871
0.7170542635658915
0.4720873786407767
0.7334200260078023
0.717852684144819
0.6423267326732673
0.6852976913730255
0.7772087067861716
0.7320799059929495
0.7730220492866408
0.567409144196952
0.6794380587484036
0.5967741935483871
0.7148102815177478
0.8115577889447236
0.7244094488188977
0.7363057324840764
0.646095717884131
0.7192982456140351
0.7273853779429987
0.7659033078880407
0.6374407582938388
0.781908302354399
0.6895213454075032
0.5387323943661971
0.8416230366492147
0.4919454770755886
0.7394636015325671
0.503030303030303
0.5400238948626045
0.6856435643564357
0.7273809523809524
0.7301587301587301
0.7625730994152047
0.5440993788819876
0.5802310654685494
0.6232439335887612
0.6563658838071693
0.7718631178707225
0.7326968973747017
0.7664596273291926
0.8067331670822943
0.5354993983152828
0.6444444444444445
0.7418181818181818
0.7220873786407767
0.5723350253807107
0.6256410256410256
0.6315136476426799
0.7465667915106118
0.7363861386138614
0.5943517329910141
0.6265356265356266
0.744270205066345
0.7702349869451697
0.7359198998748435
0.5815789473684211
0.6292682926829268
0.7410161090458488
0.6117216117216118
0.6562107904642409
0.6718346253229974
0.5645161290322581
0.8415233415233415
0.6523929471032746
0.5417721518987342
0.7939317319848294
0.8907766990291263
0.7666666666666667
0.6254681647940075
0.6522781774580336
0.7652284263959391
0.5968109339407744
0.5807692307692308
0.6724367509986684
0.6968973747016707
0.7840616966580977
0.7169117647058824
0.7647831800262812
0.735873850197109
0.6266318537859008
0.7515225334957369
0.5460048426150121
0.7058823529411765
0.5770653514180024
0.7634271099744245
0.6236162361623616
0.7410604192355117
0.762532981530343
0.7191011235955056
0.7561290322580645
0.750924784217016
0.6890243902439024
0.7482517482517482
0.7451487710219923
0.6430348258706468
0.6310096153846154
0.5605700712589073
0.6560509554140127
0.7699757869249395
0.7619047619047619
0.6971214017521903
0.7567901234567901
0.7119289340101523
0.8135168961201502
0.6203821656050955
0.7103128621089224
0.7982885085574573
0.7314211212516297
0.7465145754119138
0.7427854454203262
0.600250626566416
0.7064555420219245
0.5043586550435866
0.6312056737588653
0.7719512195121951
0.6243315508021391
0.7028639618138425
0.7416666666666667
0.7084967320261438
0.7819843342036553
0.747141041931385
0.7322335025380711
0.7496823379923762
0.5630573248407643
0.510230179028133
0.5381861575178998
0.7677018633540372
0.6340819022457067
0.7303370786516854
0.7503075030750308
0.5802781289506953
0.7800982800982801
0.8266033254156769
0.662621359223301
0.8509316770186336
0.7254150702426565
0.7662976629766297
0.7309711286089239
0.59846547314578
0.6093143596377749
0.6857142857142857
0.8079896907216495
0.7653701380175659
0.6128205128205129
0.7654171704957679
0.7462121212121212
0.7484276729559748
0.8252788104089219
0.7963190184049079
0.7484116899618806
0.5880829015544041
0.5761670761670762
0.7622739018087855
0.7798277982779828
0.7881040892193308
0.6576354679802956
0.7549361207897793
0.7891246684350133
0.809823677581864
0.5662805662805663
0.7373868046571799
0.8072139303482587
0.5551330798479087
0.8773333333333333
0.7322121604139715
0.6744186046511628
0.7577937649880095
0.7512376237623762
0.6119592875318066
0.69921875
0.6189320388349514
0.7411764705882353
0.7411477411477412
0.6540880503144654
0.6558363417569194
0.6731770833333334
0.6692913385826772
0.7474874371859297
0.5238095238095238
0.73053152039555
0.7318573185731857
0.6423357664233577
0.7197943444730077
0.6378896882494005
0.839425587467363
0.8403575989782887
0.7735148514851485
0.73989898989899
0.7650602409638554
0.5431789737171464
0.5103626943005182
0.7179802955665024
0.7213930348258707
0.6017478152309613
0.753309265944645
0.7889022919179735
0.7416452442159382
0.61090458488228
0.7719950433705081
0.7254150702426565
0.7107329842931938
0.7128463476070529
0.7959949937421777
0.5637065637065637
0.6093943139678616
0.7481840193704601
0.5112960760998811
0.7435567010309279
0.7986842105263158
0.6958698372966208
0.6769420468557337
0.7108585858585859
0.686641697877653
0.6262755102040817
0.7606177606177607
0.772609819121447
0.7825
0.6474056603773585
0.7987421383647799
0.7063197026022305
0.7749391727493917
0.6996336996336996
0.7979539641943734
0.575
0.7539473684210526
0.695920889987639
0.6192893401015228
0.8086734693877551
0.7847309136420526
0.7407878017789072
0.7990012484394506
0.6520051746442432
0.7604035308953342
0.7644970414201183
0.6353092783505154
0.7167919799498746
0.5085365853658537
0.4925
0.6411609498680739
0.5725
0.7493917274939172
0.6741721854304635
0.7150192554557124
0.74375
0.7619047619047619
0.7611749680715197
0.7441574415744158
0.7575757575757576
0.5976714100905562
0.7259439707673568
0.6496894409937888
0.7023086269744836
0.7256176853055917
0.7162329615861215
0.8028909329829172
0.8158940397350993
0.6363636363636364
0.6618004866180048
0.688212927756654
0.73875
0.7241379310344828
0.7115151515151515
0.8
0.6051401869158879
0.7341614906832298
0.6351351351351351
0.7077294685990339
0.7342398022249691
0.7224334600760456
0.7357774968394437
0.7282608695652174
0.6073232323232324
0.7258261933904528
0.5515463917525774
0.7198492462311558
0.7387706855791962
0.568922305764411
0.8023560209424084
0.7948717948717948
0.7644836272040302
0.7391304347826086
0.7900943396226415
0.4900990099009901
0.7391304347826086
0.708171206225681
0.6363636363636364
0.6608478802992519
0.5506555423122765
0.6331288343558282
0.6482843137254902
0.8060394889663183
0.7962025316455696
0.7843601895734598
0.7407862407862408
0.7384615384615385
0.7525125628140703
0.7680209698558322
0.7707253886010362
0.7463235294117647
0.8318804483188045
0.698159509202454
0.6429479034307497
0.7556109725685786
0.8077922077922078
0.6723237597911227
0.7455048409405256
0.5900783289817232
0.755421686746988
0.7805194805194805
0.4640957446808511
0.6670807453416149
0.7192307692307692
0.7438423645320197
0.7179818887451488
0.7435265104808878
0.6591760299625468
0.8010139416983524
0.7686375321336761
0.7667071688942891
0.7808041504539559
0.7860696517412935
0.7536231884057971
0.7573812580231065
0.717852684144819
0.7573062261753494
0.5883134130146083
0.5243445692883895
0.732934131736527
0.7956989247311828
0.7078507078507078
0.7966706302021404
0.7416020671834626
0.751004016064257
0.7890724269377383
0.5719512195121951
0.7803680981595092
0.6588669950738916
0.7634803921568627
0.6503856041131105
0.7390761548064919
0.7101827676240209
0.7444717444717445
0.6286438529784537
0.7879548306148055
0.7977099236641222
0.6482670089858793
0.72751677852349
0.7461928934010152
0.7281795511221946
0.7741147741147741
0.6979949874686717
0.7657004830917874
0.7090261282660333
0.6392811296534018
0.725
0.6172839506172839
0.5141104294478528
0.5997521685254027
0.7835178351783518
0.7328339575530587
0.7320754716981132
0.644963144963145
0.6298701298701299
0.6886075949367089
0.45652173913043476
0.7704517704517705
0.75875
0.7902264600715138
0.632183908045977
0.7823383084577115
0.6991150442477876
0.6818742293464858
0.8019925280199253
0.6485148514851485
0.6516990291262136
0.7199488491048593
0.7896678966789668
0.7640449438202247
0.7774834437086092
0.6290909090909091
0.8457008244994111
0.7073791348600509
0.7276029055690073
0.8059880239520958
0.6562107904642409
0.6327044025157232
0.7732843137254902
0.6286407766990292
0.8086185044359949
0.5062189054726368
0.6833333333333333
0.6678614097968937
0.7311688311688311
0.753731343283582
0.6582430806257521
0.579415501905972
0.7222914072229141
0.6896984924623115
0.6465408805031446
0.6113924050632912
0.6637717121588089
0.7120291616038882
0.7581863979848866
0.6588089330024814
0.696078431372549
0.6089049338146811
0.6658163265306123
0.7651515151515151
0.7681347150259067
0.6815856777493606
0.7443324937027708
0.7800511508951407
0.7691342534504392
0.7652519893899205
0.4863102998696219
0.6688396349413298
0.7288776796973518
0.7566844919786097
0.7449748743718593
0.6271604938271605
0.7258064516129032
0.7270501835985312
0.581081081081081
0.6592865928659286
0.7597087378640777
0.7009222661396575
0.6458072590738423
0.7579617834394905
0.6232961586121437
0.6632258064516129
0.7487179487179487
0.5314505776636713
0.8349875930521092
0.7199504337050805
0.7938144329896907
0.70062893081761
0.7606318347509113
0.6996245306633292
0.7667493796526055
0.7409326424870466
0.6943734015345269
0.6528497409326425
0.7753357753357754
0.7211055276381909
0.7158808933002482
0.5064766839378239
0.702020202020202
0.7573529411764706
0.7924528301886793
0.7223650385604113
0.7073760580411125
0.7478580171358629
0.8178343949044586
0.7598475222363406
0.794044665012407
0.6605166051660517
0.5497448979591837
0.49273447820343463
0.6457564575645757
0.7593712212817413
0.6508728179551122
0.7001239157372986
0.737410071942446
0.7600502512562815
0.5934466019417476
0.6556122448979592
0.7455242966751918
0.8121827411167513
0.4590964590964591
0.6502590673575129
0.6629353233830846
0.7693266832917706
0.7506329113924051
0.7679697351828499
0.6190476190476191
0.7896634615384616
0.7420537897310513
0.6904176904176904
0.7169117647058824
0.7358024691358025
0.7819548872180451
0.669609079445145
0.5542784163473818
0.7342931937172775
0.7447368421052631
0.6336898395721925
0.6200980392156863
0.6053984575835476
0.6891385767790262
0.6578313253012048
0.6695869837296621
0.62
0.75875
0.7389162561576355
0.7240566037735849
0.7836185819070904
0.7335092348284961
0.7306733167082294
0.7772277227722773
0.7592829705505761
0.6984924623115578
0.6159600997506235
0.6577608142493638
0.7026348808030113
0.7133757961783439
0.7769423558897243
0.7546933667083855
0.5906921241050119
0.6322263222632226
0.7237977805178791
0.7528662420382166
0.7230392156862745
0.7701149425287356
0.7240932642487047
0.7757731958762887
0.7361477572559367
0.7100893997445722
0.6867167919799498
0.5544174135723432
0.783375314861461
0.7232472324723247
0.6155878467635403
0.745740498034076
0.6144121365360303
0.738498789346247
0.6633785450061652
0.7219451371571073
0.7633587786259542
0.7866831072749692
0.6957070707070707
0.5883084577114428
0.6858974358974359
0.6817625458996328
0.4993678887484197
0.7390180878552972
0.564134495641345
0.7684605757196495
0.7878017789072427
0.6171875
0.7538461538461538
0.6682808716707022
0.5017584994138335
0.6741854636591479
0.7007874015748031
0.7394179894179894
0.8306878306878307
0.5915492957746479
0.5899014778325123
0.7597087378640777
0.729064039408867
0.511990407673861
0.7472527472527473
0.5091352009744214
0.737037037037037
0.6351674641148325
0.5936305732484076
