0.7444314185228605
0.6765432098765433
0.7659846547314578
0.672979797979798
0.5124378109452736
0.7074401008827238
0.7075351213282248
0.7201017811704835
0.8144078144078144
0.7589285714285714
0.7243994943109987
0.7463054187192119
0.7521685254027262
0.7038895859473023
0.6794871794871795
0.7445721583652618
0.6731517509727627
0.6795727636849133
0.6670702179176755
0.7801507537688442
0.609181141439206
0.7325870646766169
0.7385377942998761
0.5526315789473685
0.6799501867995019
0.7374517374517374
0.5910828025477707
0.8213429256594724
0.46410891089108913
0.5658602150537635
0.7884615384615384
0.7703703703703704
0.6912669126691267
0.71125
0.6996381182147166
0.7304116865869854
0.7150063051702396
0.7688442211055276
0.6735218508997429
0.7049382716049383
0.6772959183673469
0.6916461916461917
0.5641025641025641
0.5471464019851117
0.5603985056039851
0.7734668335419274
0.7560975609756098
0.7260458839406208
0.6962676962676962
0.7412060301507538
0.7342105263157894
0.7845238095238095
0.7426108374384236
0.6780487804878049
0.6933158584534731
0.7414880201765448
0.6536030341340076
0.7806691449814126
0.7355072463768116
0.7205298013245033
0.7908163265306123
0.6169665809768637
0.7517899761336515
0.5351418002466092
0.6487148102815178
0.8356164383561644
0.44010767160161507
0.7693282636248415
0.6503067484662577
0.6012269938650306
0.8398533007334963
0.588380716934487
0.7146401985111662
0.7217391304347827
0.7185473411154345
0.7633986928104575
0.7643391521197007
0.8699494949494949
0.7710691823899372
0.7233250620347395
0.7198952879581152
0.7908979089790897
0.5660377358490566
0.6545454545454545
0.8095823095823096
0.7410358565737052
0.7698019801980198
0.4732824427480916
0.5972222222222222
0.8271308523409364
0.6
0.6272838002436053
0.6759371221281741
0.7252475247524752
0.6728167281672817
0.7834158415841584
0.8139240506329114
0.6072289156626506
0.7553444180522565
0.5733662145499383
0.6903304773561811
0.6601941747572816
0.8717948717948718
0.4661117717003567
0.6254681647940075
0.633377135348226
0.835820895522388
0.7555847568988173
0.7453183520599251
0.7538461538461538
0.5575
0.7871287128712872
0.8379746835443038
0.7505966587112172
0.7438725490196079
0.6195928753180662
0.7266754270696452
0.7990012484394506
0.7034739454094293
0.6984732824427481
0.6223067173637515
0.5741857659831122
0.8436724565756824
0.5554140127388535
0.7515299877600979
0.6675191815856778
0.6315104166666666
0.6870229007633588
0.7693282636248415
0.6015625
0.7113665389527458
0.7784653465346535
0.7240506329113924
0.6259445843828715
0.7478368355995055
0.6425992779783394
0.7040194884287454
0.6735218508997429
0.630012936610608
0.682716049382716
0.5320987654320988
0.6308641975308642
0.7271634615384616
0.6658163265306123
0.8049414824447334
0.8014888337468983
0.7509829619921363
0.7253433208489388
0.6323155216284987
0.6501272264631043
0.7315270935960592
0.7025703794369645
0.7123115577889447
0.7781954887218046
0.8027989821882952
0.7982233502538071
0.85625
0.6766169154228856
0.794047619047619
0.7269461077844311
0.8271918678526048
0.7355263157894737
0.674775928297055
0.7931456548347613
0.6759493670886076
0.5336658354114713
0.7334183673469388
0.6934023285899095
0.7970660146699267
0.6430379746835443
0.6746835443037975
0.7653562653562653
0.741424802110818
0.7987654320987654
0.743030303030303
0.732824427480916
0.8277511961722488
0.6072319201995012
0.7193211488250653
0.6162361623616236
0.7197062423500612
0.6030534351145038
0.6171779141104294
0.8475390156062425
0.6907730673316709
0.5888324873096447
0.5357142857142857
0.7219321148825065
0.6404494382022472
0.6727272727272727
0.7554980595084088
0.6626666666666666
0.781491002570694
0.7403100775193798
0.7388059701492538
0.74125
0.5861618798955613
0.7487437185929648
0.7057356608478803
0.6393034825870647
0.6990049751243781
0.6721105527638191
0.7244772447724477
0.6506329113924051
0.8088779284833539
0.6886304909560723
0.48984468339307047
0.6561743341404358
0.5719745222929936
0.6262135922330098
0.7635467980295566
0.6190476190476191
0.5461165048543689
0.6064757160647571
0.6438356164383562
0.7413572343149808
0.6276346604215457
0.8278061224489796
0.7533742331288343
0.8022249690976514
0.6386449184441656
0.7305236270753512
0.7065088757396449
0.7013801756587202
0.7919799498746867
0.8095838587641866
0.7624671916010499
0.6248399487836107
0.8544061302681992
0.6065359477124183
0.7599009900990099
0.8324675324675325
0.7125456760048721
0.5297029702970297
0.6029776674937966
0.6674846625766871
0.7599517490952955
0.805115712545676
0.735969387755102
0.7413793103448276
0.8418367346938775
0.47914032869785084
0.6980392156862745
0.7262210796915167
0.8153446033810143
0.6012820512820513
0.6195372750642674
0.7028423772609819
0.7307692307692307
0.7118226600985221
0.6276729559748427
0.8461538461538461
0.7285180572851806
0.7386634844868735
0.588957055214724
0.6433041301627034
0.7090680100755667
0.6207729468599034
0.8079896907216495
0.6915422885572139
0.6077694235588973
0.6790757381258024
0.5982905982905983
0.7983091787439613
0.6785276073619632
0.6593673965936739
0.6678876678876678
0.7652399481193255
0.6915422885572139
0.8315217391304348
0.6175710594315246
0.7888349514563107
0.6430348258706468
0.8353510895883777
0.5708812260536399
0.7086092715231788
0.7183271832718328
0.4865211810012837
0.7457627118644068
0.6369346733668342
0.4574742268041237
0.817625458996328
0.7578692493946732
0.7383863080684596
0.7406962785114045
0.716321243523316
0.5432756324900133
0.6364795918367347
0.6563706563706564
0.61437125748503
0.7381242387332522
0.7989949748743719
0.7170795306388527
0.553921568627451
0.7503168567807351
0.6716417910447762
0.7776381909547738
0.7703703703703704
0.7880299251870324
0.6717171717171717
0.6658446362515413
0.7464788732394366
0.7493975903614458
0.5910224438902744
0.735897435897436
0.6007237635705669
0.6963414634146341
0.6577669902912622
0.8035928143712575
0.7592137592137592
0.6506765067650676
0.7849462365591398
0.6958637469586375
0.6702702702702703
0.817470664928292
0.837125748502994
0.5134474327628362
0.49682337992376113
0.8236744759556104
0.5608194622279129
0.5493975903614458
0.7868852459016393
0.5866495507060334
0.7697283311772316
0.5349127182044888
0.7214377406931964
0.642512077294686
0.6404230317273796
0.5987577639751552
0.5912938331318017
0.6292993630573248
0.6967005076142132
0.6986794717887155
0.7617328519855595
0.6447534766118836
0.7995079950799509
0.836272040302267
0.7888748419721872
0.8316953316953317
0.5871559633027523
0.8135802469135802
0.6894031668696712
0.8052109181141439
0.7848258706467661
0.7584059775840598
0.7722007722007722
0.6275
0.7154362416107383
0.4783683559950556
0.7231920199501247
0.6608695652173913
0.7628458498023716
0.735632183908046
0.7105263157894737
0.7902010050251256
0.5943152454780362
0.6527093596059114
0.753968253968254
0.6163682864450127
0.7647058823529411
0.6811779769526248
0.5743329097839899
0.6675094816687737
0.7718631178707225
0.830655129789864
0.7247259439707674
0.6822784810126582
0.8140442132639792
0.757192174913694
0.5194300518134715
0.6573248407643312
0.8373493975903614
0.778343949044586
0.6702767749699158
0.7403726708074534
0.6002587322121604
0.7428571428571429
0.63125
0.711051930758988
0.7961783439490446
0.7841907151819323
0.683206106870229
0.7158948685857321
0.6425
0.6378446115288221
0.5567282321899736
0.7819843342036553
0.7456359102244389
0.5419198055893074
0.6117216117216118
0.7919375812743823
0.6670967741935484
0.7879548306148055
0.7448186528497409
0.7526455026455027
0.6119951040391677
0.7608695652173914
0.7146496815286624
0.6838790931989924
0.6829268292682927
0.6888888888888889
0.8080301129234629
0.5581947743467933
0.6521181001283697
0.6463560334528077
0.7210144927536232
0.8130489335006273
0.794344473007712
0.828641370869033
0.7752808988764045
0.7066666666666667
0.6995133819951338
0.6902106567534076
0.6506935687263556
0.7237008871989861
0.6243589743589744
0.6939281288723668
0.7835443037974683
0.5775862068965517
0.6754385964912281
0.7387387387387387
0.5508684863523573
0.8195302843016069
0.7893401015228426
0.801007556675063
0.7579075425790754
0.7864450127877238
0.6745406824146981
0.662269129287599
0.6251482799525504
0.735897435897436
0.5560975609756098
0.809462915601023
0.7675
0.7736318407960199
0.7528373266078184
0.6997455470737913
0.5825977301387137
0.7015503875968992
0.7708066581306018
0.7345911949685534
0.5189048239895697
0.6826424870466321
0.6826801517067004
0.6823821339950372
0.8491761723700887
0.6978233034571063
0.6938031591737546
0.6148908857509627
0.7318573185731857
0.5928994082840237
0.7137404580152672
0.7513227513227513
0.7941550190597204
0.6802547770700637
0.6017925736235595
0.603680981595092
0.6826196473551638
0.7343358395989975
0.7497034400948992
0.7270341207349081
0.7425373134328358
0.7853470437017995
0.5515151515151515
0.681087762669963
0.473621103117506
0.7990074441687345
0.6189320388349514
0.5958279009126467
0.6431372549019608
0.5575757575757576
0.783748361730013
0.7707558859975217
0.8466257668711656
0.5863808322824716
0.625
0.625
0.6246913580246913
0.7554980595084088
0.6169665809768637
0.6945137157107232
0.7208706786171575
0.8244084682440846
0.70828025477707
0.5562579013906448
0.788135593220339
0.7903822441430333
0.7380660954712362
0.6
0.6966442953020134
0.7247058823529412
0.7336747759282971
0.7551724137931034
0.6303030303030303
0.7745952677459527
0.7306226175349428
0.5515463917525774
0.53125
0.701120797011208
0.7866205305651672
0.7233502538071066
0.7595419847328244
0.703125
0.6658767772511849
0.5974025974025974
0.7270560190703218
0.6658624849215923
0.7581699346405228
0.785982478097622
0.8355995055624228
0.5175438596491229
0.4824242424242424
0.7441285537700866
0.8028720626631853
0.7414012738853503
0.6511335012594458
0.7218710493046776
0.8031980319803198
0.6932826362484157
0.7503121098626716
0.6017587939698492
0.6683291770573566
0.6323353293413174
0.686046511627907
0.6332138590203107
0.6705128205128205
0.6012422360248447
0.6973848069738481
0.7044585987261146
0.6634615384615384
0.6425
0.7389100126742713
0.696078431372549
0.7060270602706027
0.7282741738066095
0.5266990291262136
0.4745972738537794
0.7018867924528301
0.6584507042253521
0.7245145631067961
0.6285714285714286
0.8146341463414634
0.7377830750893921
0.6151930261519303
0.6872727272727273
0.8089591567852438
0.7914691943127962
0.6436781609195402
0.6954377311960542
0.7270375161707633
0.7008760951188986
0.6317073170731707
0.6850192061459667
0.6662636033857315
0.7442455242966752
0.6127023661270237
0.7384615384615385
0.5321782178217822
0.6084724005134788
0.733921815889029
0.7956730769230769
0.8324607329842932
0.7606635071090048
0.7681874229346486
0.6367041198501873
0.7739018087855297
0.625154130702836
0.7666666666666667
0.5992268041237113
0.8076448828606658
0.7232704402515723
0.7347204161248374
0.6563658838071693
0.6764346764346765
0.62
0.7004950495049505
0.7486979166666666
0.7105590062111802
0.600997506234414
0.7464424320827943
0.664572864321608
0.7193627450980392
0.7072243346007605
0.6679245283018868
0.7555282555282555
0.7177522349936143
0.49435382685069007
0.5264452644526445
0.7267080745341615
0.716183574879227
0.6758045292014303
0.8387942332896461
0.6589446589446589
0.7749077490774908
0.6961538461538461
0.46730083234244946
0.73046875
0.7863145258103241
0.6549636803874092
0.7710396039603961
0.6379746835443038
0.7090680100755667
0.7187096774193549
0.7919293820933165
0.5694956949569495
0.7471698113207547
0.6675191815856778
0.809462915601023
0.5732009925558312
0.6608260325406758
0.8092783505154639
0.7680608365019012
0.7894073139974779
0.7616136919315404
0.6955445544554455
0.6899618805590851
0.7263157894736842
0.6606683804627249
0.5231362467866324
0.5486725663716814
0.5971394517282479
0.6191037735849056
0.78125
0.7649938800489596
0.7516005121638925
0.6463104325699746
0.7652284263959391
0.6951219512195121
0.744
0.801219512195122
0.7618453865336658
0.7029831387808041
0.5464684014869888
0.703851261620186
0.67625
0.5493827160493827
0.719059405940594
0.7941550190597204
0.6189873417721519
0.8019925280199253
0.6106304079110012
0.6133501259445844
0.7151898734177216
0.7553699284009546
0.8269720101781171
0.8081683168316832
0.73375
0.6236686390532544
0.6553808948004837
0.7421777221526908
0.627906976744186
0.7067183462532299
0.6256218905472637
0.7724477244772447
0.7118437118437119
0.6384615384615384
0.6842751842751843
0.6523809523809524
0.7509481668773704
0.7546933667083855
0.5416666666666666
0.5987577639751552
0.7862903225806451
0.7471554993678887
0.7405966277561609
0.5899014778325123
0.7691309987029832
0.5213454075032341
0.7084367245657568
0.6507731958762887
0.816301703163017
0.652542372881356
0.6973848069738481
0.5947712418300654
0.6037735849056604
0.6215880893300249
0.6206896551724138
0.8020050125313283
0.7088122605363985
0.5836477987421383
0.6621454993834772
0.7966305655836342
0.7384615384615385
0.7144549763033176
0.8212157330154947
0.6234256926952141
0.7470039946737683
0.8016826923076923
0.8315151515151515
0.6642246642246642
0.6447831184056272
0.532319391634981
0.7116564417177914
0.8633004926108374
0.6102756892230576
0.6390977443609023
0.5976863753213367
0.7026315789473684
0.8140394088669951
0.7919375812743823
0.6764346764346765
0.7229381443298969
0.7466666666666667
0.7784810126582279
0.7934918648310388
0.7183833116036505
0.7548309178743962
0.6337854500616523
0.5968523002421308
0.7235294117647059
0.4987244897959184
0.6872682323856613
0.5696969696969697
0.7427122940430925
0.5680100755667506
0.8302631578947368
0.7324290998766955
0.6457345971563981
0.8019680196801968
0.7773722627737226
0.773989898989899
0.8171355498721228
0.6788766788766789
0.7170294494238156
0.7655502392344498
0.7814485387547649
0.726932668329177
0.7603626943005182
0.8128872366790583
0.7110834371108343
0.7087628865979382
0.7707006369426752
0.7247474747474747
0.5985037406483791
0.7246022031823746
0.6838790931989924
0.8120978120978121
0.6330845771144279
0.6176470588235294
0.5520421607378129
0.6159509202453988
0.7345597897503285
0.5760598503740648
0.8103896103896104
0.6806930693069307
0.711864406779661
0.6773778920308483
0.5284237726098191
0.6413612565445026
0.6439393939393939
0.7680097680097681
0.7321428571428571
0.7032679738562092
0.7281553398058253
0.6347826086956522
0.6973848069738481
0.6984318455971049
0.5959952885747939
0.7725587144622992
0.6307884856070087
0.7811320754716982
0.697560975609756
0.7638376383763837
0.7035623409669212
0.6603053435114504
0.8070404172099087
0.5985130111524164
0.8092783505154639
0.6632782719186785
0.6459948320413437
0.7092288242730721
0.6376440460947503
0.8042328042328042
0.6228646517739816
0.7977941176470589
0.6895261845386533
0.7110266159695817
0.7
0.6432889963724304
0.5666666666666667
0.7297633872976339
0.632183908045977
0.7637997432605905
0.6188725490196079
0.7318932655654383
0.8131188118811881
0.7450462351387054
0.663659793814433
0.6563275434243176
0.7398373983739838
0.7860696517412935
0.7654476670870114
0.7337278106508875
0.650523560209424
0.6301546391752577
0.7452948557089084
0.6488946684005201
0.5880195599022005
0.7704081632653061
0.7011070110701108
0.7345679012345679
0.7001303780964798
0.6505102040816326
0.655483870967742
0.5805658056580566
0.604221635883905
0.7630619684082625
0.7941952506596306
0.7752234993614304
0.715319662243667
0.6524466750313677
0.5116883116883116
0.7042755344418052
0.682219419924338
0.8272251308900523
0.7243107769423559
0.6251511487303507
0.8106508875739645
0.7721822541966427
0.6422466422466423
0.6390605686032138
0.6471354166666666
0.5757575757575758
0.7061668681983071
0.7373211963589077
0.8540609137055838
0.640506329113924
0.6324675324675325
0.7441574415744158
0.7640586797066015
0.7478368355995055
0.767879548306148
0.7008652657601978
0.8067331670822943
0.6947115384615384
0.6617100371747212
0.7537688442211056
0.8094027954256671
0.6440251572327044
0.7092568448500652
0.7201492537313433
0.8114856429463171
0.7431906614785992
0.7301980198019802
0.7276166456494325
0.8412291933418694
0.7266922094508301
0.7897862232779097
0.784452296819788
0.6909581646423751
0.5962025316455696
0.8197320341047503
0.720754716981132
0.782983970406905
0.7222946544980443
0.8246225319396051
0.5565110565110565
0.7997481108312342
0.7335092348284961
0.7643467643467643
0.538562091503268
0.6721105527638191
0.7544080604534005
0.6997549019607843
0.5043156596794082
0.7232142857142857
0.6917562724014337
0.6105769230769231
0.7244283995186522
0.7580838323353294
0.5212903225806451
0.7724935732647815
0.7047496790757382
0.6848404255319149
0.7172503242542153
0.6759142496847415
0.6459948320413437
0.7959442332065906
0.7833333333333333
0.6348808030112923
0.7957124842370744
0.6230110159118727
0.7945544554455446
0.7794486215538847
0.776829268292683
0.7454323995127893
0.6035578144853876
0.6568877551020408
0.5994962216624685
0.7125307125307125
0.7306733167082294
0.6512226512226512
0.7363861386138614
0.6924083769633508
0.7656641604010025
0.726027397260274
0.7011494252873564
0.4803921568627451
0.7487745098039216
0.6773399014778325
0.5508155583437893
0.728287841191067
0.6394472361809045
0.6758448060075094
0.6763590391908976
0.6139705882352942
0.7688442211055276
0.6505102040816326
0.7141041931385006
0.6835748792270532
0.8439803439803439
0.6818181818181818
0.7580645161290323
0.7742346938775511
0.8069544364508393
0.6993939393939393
0.6396614268440145
0.7027677496991577
0.8051787916152897
0.6421568627450981
0.6935687263556116
0.7078651685393258
0.631578947368421
0.7890909090909091
0.7808219178082192
0.7710219922380336
0.7259615384615384
0.7021822849807445
0.707286432160804
0.7170795306388527
0.7927461139896373
0.7378516624040921
0.7314356435643564
0.5037037037037037
0.7063291139240506
0.7775
0.6491442542787286
0.7151898734177216
0.7576142131979695
0.7160647571606475
0.8278061224489796
0.8026159334126041
0.6829268292682927
0.6256410256410256
0.5498154981549815
0.7392996108949417
0.8448275862068966
0.6952506596306068
0.7449101796407186
0.6620428751576293
0.7249698431845597
0.7674418604651163
0.5575980392156863
0.7247474747474747
0.7752525252525253
0.8021844660194175
0.7395171537484116
0.6767676767676768
0.7039390088945362
0.5816203143893591
0.7672727272727272
0.7433090024330901
0.538083538083538
0.8546195652173914
0.7345360824742269
0.7340966921119593
0.6967509025270758
0.5953757225433526
0.6166456494325346
0.6134564643799473
0.6706443914081146
0.7032019704433498
0.5979513444302177
0.7647058823529411
0.7521263669501823
0.4777227722772277
0.7022613065326633
0.6766169154228856
0.7822685788787483
0.5605858854860186
0.6126436781609196
0.7252475247524752
0.7798053527980535
0.6215538847117794
0.7644836272040302
0.6558861578266494
0.7818627450980392
0.8138686131386861
0.6960907944514502
0.7543859649122807
0.774108322324967
0.8084054388133498
0.7463592233009708
0.6012422360248447
0.6191588785046729
0.8046571798188874
0.6367041198501873
0.6792452830188679
0.5326757090012331
0.6260869565217392
0.7654921020656136
0.759379042690815
0.5768261964735516
0.7437810945273632
0.7484197218710493
0.4730238393977415
0.5402439024390244
0.7236994219653179
0.7262638717632552
0.6863468634686347
0.7668997668997669
0.5540201005025126
0.7743589743589744
0.7596513075965131
0.6170483460559797
0.6319095477386935
0.6965601965601965
0.8278301886792453
0.7223557692307693
0.605875152998776
0.6637055837563451
0.642594859241126
0.7280487804878049
0.658974358974359
0.8288508557457213
0.5955497382198953
0.6777367773677737
0.7797246558197747
0.6101895734597157
0.6822660098522167
0.6983372921615202
0.7215025906735751
0.7383647798742138
0.770012706480305
0.6974169741697417
0.7426273458445041
0.7372262773722628
0.622107969151671
0.7054714784633295
0.7004950495049505
0.8044758539458187
0.7609756097560976
0.801909307875895
0.6800501882057717
0.7837837837837838
0.681704260651629
0.5793450881612091
0.7346683354192741
0.6132665832290363
0.7645600991325898
0.6151898734177215
0.7298335467349552
0.8583743842364532
0.6352040816326531
0.715527950310559
0.7460701330108828
0.6918392204628502
0.5367647058823529
0.7375796178343949
0.6739659367396593
0.6801909307875895
0.7350746268656716
0.800531914893617
0.6158463385354142
0.7263556116015133
0.8130952380952381
0.6726190476190477
0.8017348203221809
0.6951807228915663
0.7267002518891688
0.8070388349514563
0.7684729064039408
0.8019925280199253
0.5867158671586716
0.6440886699507389
0.8473282442748091
0.7671410090556274
0.6876543209876543
0.7090012330456227
0.5874035989717223
0.6354044548651817
0.7624703087885986
0.5922798552472859
0.7135614702154626
0.5994865211810013
0.732685297691373
0.7260765550239234
0.7423312883435583
0.8576923076923076
0.6327608982826949
0.7261462205700124
0.6887755102040817
0.698547215496368
0.6938775510204082
0.8386308068459658
0.7042801556420234
0.7524875621890548
0.566193853427896
0.8085365853658537
0.7052896725440806
0.8043217286914766
0.7085927770859277
0.7180500658761528
0.8571428571428571
0.6932223543400713
0.7009925558312655
0.6555697823303457
0.6678657074340527
0.7333333333333333
0.6591478696741855
0.6136363636363636
0.736
0.6629353233830846
0.7052631578947368
0.7933579335793358
0.7613219094247246
0.8677379480840544
0.6242274412855378
0.704119850187266
0.7663316582914573
0.7897793263646922
0.5909677419354838
0.7026699029126213
0.734375
0.5390243902439025
0.7842377260981912
0.5421836228287841
0.6728971962616822
0.646606914212548
0.7177215189873418
0.7949029126213593
0.7777777777777778
0.7287933094384708
0.7460510328068044
0.6919315403422983
0.714663143989432
0.7456140350877193
0.5863808322824716
0.6564495530012772
0.7869062901155327
0.6556776556776557
0.6805896805896806
0.7087845968712395
0.7653061224489796
0.813200498132005
0.71125
0.8176100628930818
0.7852684144818977
0.7307692307692307
0.7021546261089987
0.5604534005037783
0.5662790697674419
0.7942998760842627
0.6610576923076923
0.7002369668246445
0.7167701863354037
0.8153846153846154
0.7350746268656716
0.7344345616264295
0.7367119901112484
0.8093385214007782
0.70125
0.5925925925925926
0.6814903846153846
0.5062344139650873
0.6336260978670013
0.703125
0.7801047120418848
0.8408215661103979
0.8236024844720496
0.6410256410256411
0.7331536388140162
0.6334134615384616
0.6891064871481029
0.7283653846153846
0.6718547341115434
0.721351025331725
0.6273062730627307
0.6973365617433414
0.6492146596858639
0.6537467700258398
0.7190184049079754
0.7379746835443038
0.6682926829268293
0.7855297157622739
0.7033248081841432
0.6198044009779952
0.7550505050505051
0.7247596153846154
0.7967781908302355
0.7036553524804178
0.8122605363984674
0.8133669609079445
0.6072261072261073
0.7058823529411765
0.5932885906040268
0.6902654867256637
0.7551813471502591
0.7291399229781772
0.8029556650246306
0.6563981042654028
0.715
0.7906091370558376
0.7610513739545998
0.585081585081585
0.8457583547557841
0.5498154981549815
0.6815980629539952
0.8267326732673267
0.7302955665024631
0.8282694848084544
0.7515078407720145
0.8257477243172952
0.6642246642246642
0.6682520808561236
0.7286624203821656
0.568019093078759
0.5889724310776943
0.6156583629893239
0.7668329177057357
0.6800535475234271
0.8235294117647058
0.8361650485436893
0.6102117061021171
0.47305389221556887
0.7674113009198423
0.7737041719342604
0.6530359355638166
0.7463942307692307
0.5322793148880105
0.7654320987654321
0.6829268292682927
0.5736040609137056
0.7450980392156863
0.8050734312416555
0.7994891443167306
0.6619897959183674
0.46243523316062174
0.6880503144654088
0.7275
0.5401273885350318
0.7213740458015268
0.8108843537414966
0.7033112582781457
0.8489116517285531
0.5198079231692677
0.7085852478839177
0.7155172413793104
0.7965260545905707
0.7104247104247104
0.5707070707070707
0.8266832917705735
0.5396039603960396
0.7078507078507078
0.5284450063211125
0.796875
0.7422166874221668
0.8153034300791556
0.5687203791469194
0.613722998729352
0.7649350649350649
0.7779111644657863
0.7184713375796178
0.697084917617237
0.5982694684796045
0.6324786324786325
0.6556372549019608
0.6583850931677019
0.7337349397590361
0.6932826362484157
0.6948941469489415
0.6923076923076923
0.7813299232736572
0.7182389937106918
0.755
0.5049261083743842
0.6773809523809524
0.5220125786163522
0.72544080604534
0.7061611374407583
0.5312101910828025
0.7095115681233933
0.7291139240506329
0.5792019347037485
0.8616751269035533
0.5949044585987261
0.5276381909547738
0.7645631067961165
0.6970443349753694
0.6489493201483313
0.6464019851116626
0.6262254901960784
0.7865853658536586
0.8018134715025906
0.6596273291925466
0.7114178168130489
0.6744487678339819
0.8358024691358025
0.7941888619854721
0.7839135654261705
0.7314148681055156
0.7947761194029851
0.6807151979565773
0.5649432534678437
0.7
0.49019607843137253
0.7216867469879518
0.6458333333333334
0.7
0.7226277372262774
0.7320754716981132
0.7686472819216182
0.7122473246135553
0.7843137254901961
0.8475222363405337
0.6592592592592592
0.8282442748091603
0.5476804123711341
0.7054361567635904
0.6555142503097894
0.6937573616018846
0.587641866330391
0.8070818070818071
0.6325459317585301
0.6916461916461917
0.5474358974358975
0.7679900744416873
0.6336154776299879
0.6918158567774936
0.7319848293299621
0.6112469437652812
0.6710684273709484
0.7587548638132295
0.6470588235294118
0.7780548628428927
0.6129441624365483
0.8079710144927537
0.705955334987593
0.7112232030264817
0.7732843137254902
0.7837837837837838
0.8036649214659686
0.707673568818514
0.6824817518248175
0.5797807551766139
0.7432950191570882
0.6715328467153284
0.7419753086419754
0.791025641025641
0.7442424242424243
0.6264744429882044
0.7168894289185905
0.7841907151819323
0.8525
0.7284105131414268
0.7153374233128834
0.7412935323383084
0.6480304955527318
0.8072139303482587
0.753441802252816
0.6551724137931034
0.6803377563329313
0.7070063694267515
0.7556675062972292
0.5995288574793876
0.7829736211031175
0.5660621761658031
0.6270753512132823
0.6429495472186287
0.7921760391198044
0.7330037082818294
0.6896984924623115
0.7028360049321825
0.8369829683698297
0.7662835249042146
0.6185696361355082
0.7347188264058679
0.7607891491985204
0.6768837803320562
0.7445161290322581
0.550761421319797
0.5960346964064436
0.6461159062885327
0.7393939393939394
0.8151260504201681
0.6189224704336399
0.5773195876288659
0.8002378121284186
0.7199533255542591
0.6846733668341709
0.5789473684210527
0.630461922596754
0.7412060301507538
0.556420233463035
0.6730279898218829
0.7532299741602068
0.6242118537200504
0.6650660264105642
0.5424757281553398
0.7957658779576587
0.687192118226601
0.6904474002418379
0.637434554973822
0.69625
0.7823303457106274
0.8041237113402062
0.808695652173913
0.7553324968632371
0.6658291457286433
0.7081761006289308
0.7834793491864831
0.5430303030303031
0.7543640897755611
0.7906976744186046
0.75
0.7213930348258707
0.7168674698795181
0.7317708333333334
0.47878787878787876
0.7896634615384616
0.772609819121447
0.6486810551558753
0.49325153374233127
0.6007556675062973
0.7889800703399765
0.817470664928292
0.6392405063291139
0.600459242250287
0.8007662835249042
0.756066411238825
0.5410447761194029
0.7017326732673267
0.6144890038809832
0.6129837702871411
0.6675094816687737
0.7369109947643979
0.6520710059171597
0.6824817518248175
0.6658163265306123
0.5874840357598978
0.6335078534031413
0.7350746268656716
0.8411330049261084
0.7427536231884058
0.5468549422336328
0.6666666666666666
0.6531413612565445
0.6242496998799519
0.5829268292682926
0.7845579078455791
0.7311320754716981
0.7449238578680203
0.8
0.6439205955334988
0.7964824120603015
0.8044280442804428
0.8200514138817481
0.7067484662576687
0.6484771573604061
0.7206068268015171
0.7818411097099621
0.6988265971316818
0.6633165829145728
0.6584463625154131
0.8020050125313283
0.7413127413127413
0.695920889987639
0.6089663760896638
0.7940074906367042
0.6936274509803921
0.5515923566878981
0.7415307402760352
0.7192118226600985
0.7327478042659975
0.6675031367628608
0.6777251184834123
0.5937888198757764
0.8201970443349754
0.644474034620506
0.649167733674776
0.6429463171036205
0.6205191594561187
0.7082262210796915
0.7404580152671756
0.6508728179551122
0.6558363417569194
0.7085427135678392
0.6972361809045227
0.6415770609318996
0.6650544135429263
0.8644918444165621
0.6103225806451613
0.5360303413400759
0.6555023923444976
0.7330677290836654
0.670440251572327
0.7352185089974294
0.669481302774427
0.7079081632653061
0.8212974296205631
0.7032828282828283
0.7894736842105263
0.708128078817734
0.7691342534504392
0.6111817026683609
0.6345646437994723
0.809823677581864
0.7823383084577115
0.5281862745098039
0.6336996336996337
0.6801007556675063
0.7280813214739518
0.7932816537467701
0.7406947890818859
0.7179802955665024
0.645618556701031
0.8082191780821918
0.6596273291925466
0.7280593325092707
0.7034739454094293
0.8118081180811808
0.4636251541307028
0.5826193390452876
0.5609167671893848
0.6111786148238153
0.7203389830508474
0.6217228464419475
0.5603345280764636
0.4852216748768473
0.5171102661596958
0.4845758354755784
0.6069587628865979
0.6395759717314488
0.5558312655086849
0.5895610913404508
0.6432160804020101
0.7317073170731707
0.5280898876404494
0.8138297872340425
0.6830530401034929
0.8074935400516796
0.6433823529411765
0.7159090909090909
0.501269035532995
0.6214896214896215
0.6399474375821288
0.6387434554973822
0.6505867014341591
0.6866585067319462
0.6213093709884467
0.7298335467349552
0.7297650130548303
0.5652173913043478
0.8173690932311622
0.6580882352941176
0.5688405797101449
0.7126582278481013
0.8026960784313726
0.7716836734693877
0.6489746682750301
0.7673031026252983
0.7844611528822055
0.7431906614785992
0.7601476014760148
0.7550505050505051
0.6944099378881987
0.771838331160365
0.7095541401273885
0.6564885496183206
0.8015075376884422
0.5747126436781609
0.7376058041112454
0.7031847133757961
0.7598522167487685
0.6499388004895961
0.693717277486911
0.7962264150943397
0.6473429951690821
0.5948387096774194
0.5562347188264058
0.760545905707196
0.7645600991325898
0.7969121140142518
0.5895522388059702
0.7117572692793932
0.8720787207872078
0.6169405815423514
0.77125
0.8576732673267327
0.6666666666666666
0.7245283018867924
0.7716049382716049
0.6203821656050955
0.7648484848484849
0.7001270648030495
0.697566628041715
0.7153846153846154
0.7180851063829787
0.7217598097502973
0.5831202046035806
0.6929824561403509
0.8491228070175438
0.6338028169014085
0.5842424242424242
0.7014157014157014
0.7040690505548706
0.8322324966974901
0.6829896907216495
0.5860349127182045
0.727509778357236
0.6557575757575758
0.6266318537859008
0.7551020408163265
0.5804878048780487
0.6908665105386417
0.6628205128205128
0.738238841978287
0.7078787878787879
0.7496947496947497
0.7314930991217063
0.6116751269035533
0.7692307692307693
0.7023661270236613
0.672544080604534
0.5467349551856594
0.6550435865504358
0.7915006640106241
0.6606714628297362
0.6691729323308271
0.7114178168130489
0.5989847715736041
0.7806691449814126
0.764277035236938
0.6751824817518248
0.681930693069307
0.8263473053892215
0.760545905707196
0.6997549019607843
0.6860759493670886
0.6938775510204082
0.6323699421965318
0.6952141057934509
0.7131979695431472
0.6442185514612452
0.721419185282523
0.643281807372176
0.7981651376146789
0.7148194271481942
0.7461809635722679
0.4993939393939394
0.7597633136094675
0.6108179419525066
0.6036505867014341
0.6145584725536993
0.5714285714285714
0.7398477157360406
0.7129071170084439
0.7606318347509113
0.763681592039801
0.7992518703241895
0.6147443519619501
0.5694444444444444
0.75453446191052
0.7125890736342043
0.7005012531328321
0.6553459119496855
0.6398996235884568
0.6942046855733662
0.801219512195122
0.6732186732186732
0.7741935483870968
0.6217870257037944
0.6629213483146067
0.5708661417322834
0.6063084112149533
0.6309067688378033
0.7246963562753036
0.5357590966122961
0.723156532988357
0.6122448979591837
0.6732186732186732
0.5531914893617021
0.7447852760736197
0.7436224489795918
0.7571251548946716
0.7433414043583535
0.6950444726810674
0.6828644501278772
0.6837606837606838
0.6740467404674046
0.7693236714975845
0.6841463414634147
0.8037974683544303
0.6682808716707022
0.6276346604215457
0.709832134292566
0.8014796547472256
0.6105769230769231
0.6509661835748792
0.7038961038961039
0.6569987389659521
0.7407878017789072
0.7834793491864831
0.8024539877300614
0.6922110552763819
0.5871446229913473
0.5405046480743692
0.5684596577017115
0.6731266149870802
0.6508728179551122
0.6005154639175257
0.6911242603550296
0.5283732660781841
0.8039702233250621
0.6658536585365854
0.8085106382978723
0.7822784810126582
0.8157575757575758
0.5242966751918159
0.6071856287425149
0.810012836970475
0.7925257731958762
0.6019184652278178
0.7171597633136094
0.7345911949685534
0.6590909090909091
0.8126550868486352
0.754739336492891
0.6041397153945667
0.6908396946564885
0.6240601503759399
0.7055837563451777
0.5446313065976714
0.7635903919089759
0.7386215864759428
0.7304347826086957
0.6885026737967914
0.6589805825242718
0.63625
0.75125
0.8894348894348895
0.6178266178266179
0.6947890818858561
0.6193939393939394
0.755359394703657
0.6771844660194175
0.8400503778337531
0.7457212713936431
0.6854345165238678
0.6169405815423514
0.648936170212766
0.7029449423815621
0.737597911227154
0.7171464330413017
0.6271393643031785
0.6808219178082192
0.772093023255814
0.7652933832709113
0.7533908754623921
0.6982758620689655
0.7356181150550796
0.6889671361502347
0.6733668341708543
0.6429479034307497
0.7002427184466019
0.7474358974358974
0.7420118343195267
0.7334152334152334
0.6291718170580964
0.8160779537149817
0.7651612903225806
0.7223557692307693
0.7458064516129033
0.7655440414507773
0.8015665796344648
0.7743097238895558
0.58375
0.7816813048933501
0.7431906614785992
0.5953259532595326
0.5543345543345544
0.6503225806451612
0.6418835192069393
0.6983930778739185
0.6679586563307494
0.7987577639751553
0.5442875481386393
0.707168894289186
0.7150326797385621
0.5080946450809465
0.5290404040404041
0.76
0.6405648267008985
0.7349693251533742
0.8283870967741935
0.6199261992619927
0.7827763496143959
0.624384236453202
0.7178841309823678
0.7399497487437185
0.7172582619339045
0.6924066924066924
0.6218181818181818
0.7121212121212122
0.8310893512851897
0.7719745222929937
0.49682337992376113
0.7945736434108527
0.5105067985166872
0.6709511568123393
0.7243589743589743
0.6688144329896907
0.6004728132387707
0.601965601965602
0.7578692493946732
0.7431551499348109
0.7311688311688311
0.8544303797468354
0.6060991105463787
0.7718204488778054
0.604982206405694
0.78998778998779
0.4374240583232078
0.7174447174447175
0.8580171358629131
0.7150192554557124
0.5418275418275418
0.6703980099502488
0.7468982630272953
0.793233082706767
0.6431273644388399
0.7011070110701108
0.7001270648030495
0.7267156862745098
0.6234567901234568
0.6026894865525673
0.6060225846925973
0.6942046855733662
0.7960687960687961
0.6421188630490956
0.8032128514056225
0.7373868046571799
0.6445556946182729
0.6739690721649485
0.8337595907928389
0.8296296296296296
0.5036407766990292
0.6058673469387755
0.7141104294478527
0.7400990099009901
0.5958279009126467
0.6042841037204059
0.6347150259067358
0.7047387606318347
0.75
0.6624525916561315
0.7585365853658537
0.5977443609022557
0.7060270602706027
0.7619047619047619
0.7240948813982522
0.7678571428571429
0.7810578105781057
0.8176178660049628
0.7496855345911949
0.7454323995127893
0.7171314741035857
0.8206106870229007
0.6984318455971049
0.701840490797546
0.7384428223844283
0.8090154211150652
0.764030612244898
0.7380952380952381
0.6767295597484276
0.7348837209302326
0.7458703939008895
0.84
0.7947103274559194
0.726161369193154
0.6930817610062893
0.7724399494310998
0.729936305732484
0.723889555822329
0.7381516587677726
0.6361355081555834
0.8125
0.5738341968911918
0.6061381074168798
0.5997506234413965
0.6708385481852316
0.6666666666666666
0.7269230769230769
0.6614785992217899
0.7680412371134021
0.8271918678526048
0.8349381017881705
0.6852085967130215
0.6846950517836594
0.6903225806451613
0.6954248366013072
0.7393422655298416
0.6962025316455697
0.6389228886168911
0.750920245398773
0.70375
0.6448362720403022
0.6347381864623244
0.7947761194029851
0.7757909215955984
0.6871008939974457
0.5591939546599496
0.7481927710843373
0.5417218543046357
0.7270440251572327
0.7767857142857143
0.7175757575757575
0.8161865569272977
0.7461340206185567
0.6343001261034048
0.7244655581947743
0.6532156368221942
0.76375
0.7222222222222222
0.7366412213740458
0.5861635220125786
0.6871310507674144
0.7313432835820896
0.7213114754098361
0.6880503144654088
0.7315521628498728
0.6102756892230576
0.7919540229885057
0.696969696969697
0.6625463535228677
0.8526048284625158
0.7030223390275953
0.7769028871391076
0.5352286773794809
0.631917631917632
0.7979274611398963
0.7214377406931964
0.7608173076923077
0.8056628056628057
0.7221510883482715
0.6406820950060901
0.6598726114649681
0.8061617458279846
0.6633906633906634
0.7941176470588235
0.745740498034076
0.7210526315789474
0.670076726342711
0.7034813925570228
0.7948402948402948
0.7404202719406675
0.523696682464455
0.6924939467312349
0.6836861768368617
0.7226993865030675
0.6625155666251556
0.7119496855345911
0.6756756756756757
0.6433041301627034
0.7397094430992736
0.8122653316645807
0.6273764258555133
0.48473748473748474
0.47096774193548385
0.6670951156812339
0.47741147741147744
0.6494597839135654
0.6615384615384615
0.796092796092796
0.7298636926889716
0.666232073011734
0.7480818414322251
0.8458646616541353
0.599502487562189
0.6498194945848376
0.766624843161857
0.7452153110047847
0.8078291814946619
0.835985312117503
0.7
0.5823293172690763
0.5468940316686967
0.5882352941176471
0.6264009962640099
0.8119858989424207
0.7311139564660691
0.7270531400966184
0.7058823529411765
0.7872062663185379
0.7160963244613435
0.709838107098381
0.7346666666666667
0.7185990338164251
0.8367875647668394
0.6371463714637147
0.6898326898326899
0.5685096153846154
0.6156716417910447
0.5217391304347826
0.5045395590142672
0.4856070087609512
0.7596618357487923
0.740979381443299
0.5953259532595326
0.7065491183879093
0.5710594315245479
0.7821901323706378
0.7378129117259552
0.737094837935174
0.7079646017699115
0.8048780487804879
0.6722151088348272
0.74125
0.5995203836930456
0.6484771573604061
0.4933008526187576
0.6772228989037758
0.5426452410383189
0.7502958579881657
0.8386308068459658
0.6491002570694088
0.8405438813349815
0.5491183879093199
0.6695331695331695
0.7253433208489388
0.8005050505050505
0.8256097560975609
0.7364438839848676
0.698870765370138
0.7797029702970297
0.6553459119496855
0.6084262701363073
0.6520051746442432
0.5982478097622027
0.682219419924338
0.7753530166880617
0.5822002472187886
0.5864570737605804
0.6215864759427828
0.5756791720569211
0.6874251497005988
0.7506142506142506
0.7614213197969543
0.797979797979798
0.49271523178807947
0.6931677018633541
0.7363304981773997
0.5604681404421327
0.7534246575342466
0.7220216606498195
0.6188630490956072
0.7846534653465347
0.8048780487804879
0.5758354755784062
0.7389162561576355
0.589873417721519
0.7171717171717171
0.6757493188010899
0.667910447761194
0.7471698113207547
0.7912087912087912
0.5018270401948843
0.7037533512064343
0.66
0.7365196078431373
0.7760290556900726
0.7054545454545454
0.7253164556962025
0.737171464330413
0.632183908045977
0.6985111662531017
0.4568854568854569
0.6704260651629073
0.7150063051702396
0.562015503875969
0.6027060270602707
0.7090909090909091
0.7268170426065163
0.7538860103626943
0.6136363636363636
0.6814159292035398
0.5481012658227848
0.7125307125307125
0.6897001303780965
0.7588832487309645
0.751500600240096
0.7032828282828283
0.7403245942571786
0.6893081761006289
0.7351077313054499
0.5300613496932516
0.7146341463414634
0.7240932642487047
0.6781326781326781
0.6246851385390428
0.7913486005089059
0.7082294264339152
0.6947496947496947
0.762402088772846
0.5667828106852497
0.62853470437018
0.7926829268292683
0.584070796460177
0.6511627906976745
0.7672727272727272
0.6996197718631179
0.7016645326504481
0.6981566820276498
0.6525821596244131
0.6844106463878327
0.6099195710455764
0.6260657734470159
0.7826633165829145
0.6982248520710059
0.73875
0.7602996254681648
0.7216494845360825
0.6447688564476886
0.7695167286245354
0.6856435643564357
0.7525125628140703
0.7273823884197829
0.6464646464646465
0.6787048567870486
0.8052287581699347
0.6456009913258984
0.47176913425345046
0.6185430463576159
0.7483443708609272
0.5995055624227441
0.818069306930693
0.7700865265760197
0.6469849246231156
0.7013977128335451
0.5570117955439057
0.7517985611510791
0.5265822784810127
0.7544303797468355
0.6212121212121212
0.7493765586034913
0.536969696969697
0.7341115434500648
0.6633540372670808
0.7427536231884058
0.6269554753309265
0.7477243172951885
0.5788819875776398
0.6176470588235294
0.7440100882723834
0.6409921671018277
0.6711327649208283
0.6239419588875453
0.5295698924731183
0.686819830713422
0.7503090234857849
0.5885997521685254
0.7823303457106274
0.5529841656516443
0.5904522613065326
0.6817010309278351
0.6911196911196911
0.7197368421052631
0.633495145631068
0.7490774907749077
0.7355473554735548
0.7088607594936709
0.7033898305084746
0.735969387755102
0.7637698898408812
0.7421052631578947
0.774074074074074
0.8641509433962264
0.7259158751696065
0.72544080604534
0.7230955259975816
0.7503152585119798
0.7834158415841584
0.5502577319587629
0.5181598062953995
0.636968085106383
0.5307994757536042
0.6269744835965978
0.7682619647355163
0.6610169491525424
0.7971938775510204
0.7635467980295566
0.6944801026957638
0.727509778357236
0.7804568527918782
0.7360208062418726
0.7201540436456996
0.8094059405940595
0.6494597839135654
0.7199488491048593
0.6537467700258398
0.6220570012391574
0.7282051282051282
0.7935483870967742
0.7361477572559367
0.6984126984126984
0.6713021491782554
0.625
0.6515723270440251
0.7911802853437094
0.6623207301173403
0.7589928057553957
0.7395287958115183
0.7547649301143583
0.6996336996336996
0.7653429602888087
0.6861042183622829
0.7383419689119171
0.4845360824742268
0.6468305304010349
0.7342398022249691
0.6340533672172808
0.7269279393173198
0.6046228710462287
0.6154806491885143
0.7008652657601978
0.7
0.7453646477132262
0.5005945303210464
0.7566489361702128
0.7313997477931904
0.7379480840543882
0.7572327044025158
0.6674612634088201
0.8231552162849872
0.6318347509113001
0.7371069182389937
0.6821608040201005
0.8114355231143552
0.4756554307116105
0.7005141388174807
0.7845373891001267
0.8174224343675418
0.6540880503144654
0.8142681426814268
0.6004962779156328
0.5830164765525983
0.766624843161857
0.48314606741573035
0.7925211097708083
0.7243510506798516
0.6649746192893401
0.6132315521628499
0.7528662420382166
0.6893667861409797
0.8219354838709677
0.6805555555555556
0.6370280146163215
0.6528497409326425
0.6360201511335013
0.7403245942571786
0.6801007556675063
0.6629491945477075
0.622107969151671
0.6423173803526449
0.8410991636798089
0.7597402597402597
0.7102425876010782
0.8287841191066998
0.7976031957390146
0.7406015037593985
0.7753530166880617
0.7105263157894737
0.7054455445544554
0.5963777490297542
0.7328431372549019
0.6381909547738693
0.5538656527249683
0.6628498727735369
0.7218137254901961
0.8360049321824907
0.6901041666666666
0.642603550295858
0.6173469387755102
0.7916137229987293
0.6835443037974683
0.4756410256410256
0.6306954436450839
0.5873850197109067
0.8029197080291971
0.7524752475247525
0.7365728900255755
0.6561314791403287
0.6461716937354989
0.7094763092269327
0.6951807228915663
0.6766398158803222
0.652962515114873
0.5071942446043165
0.7155499367888748
0.6568877551020408
0.48851269649334944
0.8189189189189189
0.6163366336633663
0.7939698492462312
0.5730478589420654
0.6349206349206349
0.6928571428571428
0.7290886392009988
0.7816091954022989
0.6206467661691543
0.7002518891687658
0.5205655526992288
0.5369897959183674
0.5750636132315522
0.6316425120772947
0.7537688442211056
0.7340153452685422
0.7620286085825748
0.7696969696969697
0.6405835543766578
0.5901639344262295
0.7705314009661836
0.6309963099630996
0.8134034165571616
0.7236180904522613
0.7346153846153847
0.5959849435382685
0.8171500630517023
0.8044831880448319
0.7808056872037915
0.6533166458072591
0.6593830334190232
0.6856780735107731
0.5748218527315915
0.6423357664233577
0.7332474226804123
0.726474278544542
0.6547314578005116
0.7101796407185629
0.7493638676844784
0.7469135802469136
0.715158924205379
0.6802884615384616
0.7146282973621103
0.7477592829705506
0.6983523447401775
0.7335858585858586
0.6892067620286085
0.6788874841972187
0.6157635467980296
0.6815980629539952
0.8145363408521303
0.7833333333333333
0.705955334987593
0.7623376623376623
0.7141148325358851
0.7667087011349306
0.783989834815756
0.6425755584756899
0.6049689440993788
0.7503001200480192
0.5732323232323232
0.7215980024968789
0.818639798488665
0.6151866151866152
0.8051787916152897
0.830379746835443
0.7524630541871922
0.8127208480565371
0.7141025641025641
0.7315270935960592
0.8045292014302742
0.6191677175283733
0.5802919708029197
0.7018867924528301
0.8260869565217391
0.6721311475409836
0.815403422982885
0.5689655172413793
0.6579601990049752
0.6729088639200999
0.57375
0.6471277842907386
0.8167281672816729
0.6105006105006106
0.6206467661691543
0.809102402022756
0.7212041884816754
0.7788697788697788
0.8022670025188917
0.7512953367875648
0.6821026282853567
0.519280205655527
0.7444987775061125
0.6478696741854637
0.6711822660098522
0.704191616766467
0.6144121365360303
0.660122699386503
0.7595693779904307
0.7554697554697555
0.6979434447300771
0.7512886597938144
0.6897905759162304
0.5213333333333333
0.7900262467191601
0.720626631853786
0.5845410628019324
0.6687817258883249
0.7647849462365591
0.73992673992674
0.5842105263157895
0.7406947890818859
0.7792378449408672
0.5328282828282829
0.5683192261185006
0.6183395291201983
0.5745784695201037
0.7281921618204804
0.722860791826309
0.699017199017199
0.6995192307692307
0.6469849246231156
0.7863961813842482
0.5789473684210527
0.6794380587484036
0.5048426150121066
0.6445859872611465
0.5147849462365591
0.6123234916559692
0.8004836759371221
0.8060288335517694
0.6893081761006289
0.8199279711884754
0.6362545018007203
0.6223337515683814
0.7496855345911949
0.8064085447263017
0.6402048655569782
0.7445520581113801
0.7037943696450428
0.8339719029374202
0.716824644549763
0.636471990464839
0.7041343669250646
0.7657430730478589
0.6864728192161821
0.7468208092485549
0.7940813810110974
0.7399497487437185
0.658311345646438
0.6531862745098039
0.7165562913907285
0.6024539877300613
0.6374845869297164
0.8814180929095354
0.7406015037593985
0.7487623762376238
0.7982673267326733
0.603359173126615
0.8107416879795396
0.5790108564535585
0.6747868453105969
0.7206427688504327
0.7902813299232737
0.5551330798479087
0.7286245353159851
0.6119221411192214
0.7488095238095238
0.5325153374233129
0.6507115135834411
0.7009569377990431
0.7422166874221668
0.7491039426523297
0.5719339622641509
0.6683804627249358
0.735981308411215
0.7230169050715215
0.6511627906976745
0.6025316455696202
0.7557997557997558
0.800235017626322
0.717208182912154
0.5012406947890818
0.6982758620689655
0.5773067331670823
0.6855345911949685
0.5530586766541823
0.557356608478803
0.6434676434676435
0.694300518134715
0.7120291616038882
0.44962216624685136
0.8245614035087719
0.5919395465994962
0.6369268897149938
0.6752450980392157
0.7779273216689099
0.6917562724014337
0.6424167694204685
0.5867875647668394
0.7192307692307692
0.7354037267080745
0.6848792884371029
0.7986577181208053
0.6732429099876696
0.7515527950310559
0.7625628140703518
0.5942928039702233
0.8071693448702101
0.6201923076923077
0.7493438320209974
0.7140939597315437
0.5728770595690748
0.5972568578553616
0.7290886392009988
0.7026683608640406
0.7866831072749692
0.7438118811881188
0.5766233766233766
0.6898263027295285
0.7658779576587795
0.804374240583232
0.7098445595854922
0.6608040201005025
0.7750309023485785
0.7115384615384616
0.6728167281672817
0.6848249027237354
0.7008985879332478
0.6428571428571429
0.6791767554479419
0.6574519230769231
0.6242274412855378
0.4805699481865285
0.8226002430133658
0.674025974025974
0.487468671679198
0.7095959595959596
0.7003942181340341
0.728
0.7612121212121212
0.8240506329113924
0.7480916030534351
0.6974683544303798
0.6513994910941476
0.8067331670822943
0.6961394769613948
0.8217948717948718
0.5232120451693852
0.7814070351758794
0.6781456953642384
0.5978128797083839
0.7076167076167076
0.6942046855733662
0.7012345679012346
0.6799501867995019
0.645679012345679
0.6364779874213836
0.7442424242424243
0.5510718789407314
0.7610837438423645
0.7553324968632371
0.7788697788697788
0.6862244897959183
0.7970479704797048
0.714828897338403
0.6107711138310894
0.6508728179551122
0.7086007702182285
0.7031055900621118
0.8283485045513654
0.7847938144329897
0.7310704960835509
0.7405541561712846
0.7761966364812419
0.7172236503856041
0.6670673076923077
0.7222222222222222
0.7625806451612903
0.754017305315204
0.8648293963254593
0.7249683143219265
0.6106408706166868
0.6853503184713375
0.4874551971326165
0.6419161676646706
0.7226993865030675
0.6638141809290954
0.6859605911330049
0.6273525721455459
0.6788036410923277
0.6444174757281553
0.5862913096695227
0.6191616766467066
0.7440318302387268
0.5407407407407407
0.5653798256537983
0.7088607594936709
0.7278401997503121
0.8012269938650307
0.6341463414634146
0.6870324189526185
0.7365853658536585
0.7093712930011863
0.7257861635220125
0.6619217081850534
0.7587878787878788
0.7340686274509803
0.5928217821782178
0.7427184466019418
0.6699266503667481
0.6783042394014963
0.6075949367088608
0.5994865211810013
0.5760869565217391
0.7490996398559424
0.7579214195183777
0.5597104945717732
0.7327690447400241
0.6005154639175257
0.7616060225846926
0.6230964467005076
0.5279805352798054
0.6803995006242197
0.7655677655677655
0.759493670886076
0.8011976047904191
0.5875776397515527
0.7161290322580646
0.5904645476772616
0.6503225806451612
0.7830423940149626
0.7094763092269327
0.5379825653798257
0.7357320099255583
0.56062424969988
0.714107365792759
0.7653429602888087
0.7367055771725033
0.70875
0.8405977584059776
0.6980891719745222
0.7745098039215687
0.6629072681704261
0.722007722007722
0.7385204081632653
0.8324675324675325
0.7092288242730721
0.5756791720569211
0.7512376237623762
0.6012820512820513
0.789002557544757
0.8283208020050126
0.6513994910941476
0.6865127582017011
0.7142857142857143
0.6905940594059405
0.7027027027027027
0.6382716049382716
0.538083538083538
0.7663185378590078
0.7218710493046776
0.5970149253731343
0.4653846153846154
0.7471116816431322
0.7034120734908137
0.6717752234993615
0.672566371681416
0.6684141546526867
0.6726342710997443
0.6913746630727763
0.6474442988204456
0.7752234993614304
0.6737766624843162
0.7238335435056746
0.5031605562579013
0.7186700767263428
0.7104591836734694
0.6765498652291105
0.7120418848167539
0.7921419518377694
0.7211055276381909
0.5851581508515815
0.6058394160583942
0.7135980746089049
0.7177215189873418
0.5534825870646766
0.620457604306864
0.7803547066848567
0.5941176470588235
0.6933333333333334
0.65
0.7858910891089109
0.5462392108508015
0.7151370679380215
0.6242038216560509
0.8346354166666666
0.7485101311084624
0.7393483709273183
0.7017994858611826
0.7280701754385965
0.8419161676646707
0.6866028708133971
0.6238993710691824
0.8256658595641646
0.7300469483568075
0.5411622276029056
0.6901234567901234
0.7293689320388349
0.8096415327564895
0.8260869565217391
0.5056179775280899
0.7463284379172229
0.6298543689320388
0.8121890547263682
0.6353211009174312
0.8019925280199253
0.7621419676214197
0.732484076433121
0.7521472392638037
0.7187112763320942
0.6215189873417721
0.8239700374531835
0.7182926829268292
0.7141104294478527
0.7016645326504481
0.694300518134715
0.6798469387755102
0.7550761421319797
0.6972704714640199
0.6256345177664975
0.774074074074074
0.695322376738306
0.6980132450331126
0.7493702770780857
0.7412060301507538
0.7240506329113924
0.6174661746617466
0.5786802030456852
0.8169191919191919
0.8095238095238095
0.7167487684729064
0.56625
0.8410513141426783
0.7652933832709113
0.7207872078720787
0.7290575916230366
0.6650124069478908
0.7524509803921569
0.704225352112676
0.5576923076923077
0.7484035759897829
0.6477272727272727
0.7203166226912929
0.7780517879161529
0.7681528662420383
0.6726114649681528
0.6697247706422018
0.7320099255583127
0.6766541822721598
0.7146371463714637
0.625609756097561
0.6547911547911548
0.8066581306017926
0.758576874205845
0.6738578680203046
0.6186335403726708
0.6899509803921569
0.7787286063569682
0.6961869618696187
0.579746835443038
0.7776381909547738
0.6773049645390071
0.663003663003663
0.6824583866837388
0.6796875
0.6279620853080569
0.7426751592356687
0.5012755102040817
0.636245110821382
0.6251604621309371
0.7591240875912408
0.8424821002386634
0.6903870162297129
0.8128205128205128
0.6683046683046683
0.6666666666666666
0.7091136079900124
0.7933579335793358
0.686046511627907
0.7372353673723536
0.6533166458072591
0.6739659367396593
0.617611580217129
0.7451219512195122
0.7583230579531443
0.7047970479704797
0.7682775712515489
0.625
0.5963855421686747
0.7519480519480519
0.7152145643693107
0.7869897959183674
0.7659313725490197
0.7204030226700252
0.5691158156911582
0.7011494252873564
0.7915151515151515
0.7016509433962265
0.7009925558312655
0.5517241379310345
0.7891246684350133
0.7692307692307693
0.6634026927784578
0.7321196358907672
0.7356881851400731
0.7974087161366313
0.6461159062885327
0.7348777348777349
0.7951515151515152
0.7165259348612787
0.6978776529338327
0.6666666666666666
0.714987714987715
0.8284250960307298
0.5693430656934306
0.7
0.8500619578686494
0.5030450669914738
0.8055893074119077
0.5562347188264058
0.6383495145631068
0.657035175879397
0.5634328358208955
0.8226415094339623
0.777509068923821
0.8266832917705735
0.6260978670012547
0.67375
0.7418952618453866
0.7608695652173914
0.6505576208178439
0.655
0.6697986577181209
0.7784577723378213
0.4638036809815951
0.7674698795180723
0.6898263027295285
0.6917293233082706
0.6525
0.5944931163954944
0.736144578313253
0.6608260325406758
0.8679950186799502
0.7264516129032258
0.6085825747724317
0.704
0.7821158690176322
0.6430348258706468
0.697560975609756
0.6613496932515337
0.7213930348258707
0.7014157014157014
0.7127272727272728
0.7107652399481194
0.7620772946859904
0.6444723618090452
0.7541191381495564
0.7033792240300375
0.7345132743362832
0.8444730077120822
0.7744063324538258
0.5159642401021711
0.6986469864698647
0.8027812895069533
0.7191697191697192
0.7134146341463414
0.5684210526315789
0.5859375
0.7376237623762376
0.7566539923954373
0.773838630806846
0.8027295285359801
0.5330882352941176
0.7503030303030302
0.720873786407767
0.781491002570694
0.7318757192174914
0.8285356695869838
0.7253694581280788
0.7109677419354838
0.7506459948320413
0.7615480649188514
0.6947637292464879
0.82
0.6274509803921569
0.8041237113402062
0.6184049079754601
0.6506602641056423
0.6819338422391857
0.6698450536352801
0.6401925391095066
0.7595907928388747
0.7943349753694581
0.7573062261753494
0.4589963280293758
0.619500594530321
0.8068181818181818
0.5478260869565217
0.6203931203931204
0.5959849435382685
0.7476415094339622
0.7043701799485861
0.6127098321342925
0.6974025974025974
0.6087516087516087
0.7400990099009901
0.7777777777777778
0.8620689655172413
0.7246376811594203
0.6895213454075032
0.6101036269430051
0.6041923551171393
0.7095490716180372
0.7552533992583437
0.7128463476070529
0.7601043024771839
0.5649038461538461
0.6904761904761905
0.7137681159420289
0.6753246753246753
0.6731707317073171
0.7841907151819323
0.5811320754716981
0.6944444444444444
0.6135204081632653
0.6150121065375302
0.6688144329896907
0.6828358208955224
0.6326002587322122
0.6108998732572877
0.8521536670547147
0.6823671497584541
0.7286063569682152
0.6312419974391805
0.7177835051546392
0.5915492957746479
0.760248447204969
0.616710875331565
0.745
0.7796610169491526
0.686046511627907
0.6382165605095541
0.6094594594594595
0.625154130702836
0.7454981992797118
0.794044665012407
0.75453446191052
0.6096059113300493
0.7427122940430925
0.6408977556109726
0.7363304981773997
0.6777367773677737
0.6699386503067485
0.6581508515815085
0.7754137115839244
0.8133971291866029
0.5226700251889169
0.7365038560411311
0.5753968253968254
0.7493333333333333
0.7515451174289246
0.6730769230769231
0.7518072289156627
0.7676902536715621
0.7450980392156863
0.7421307506053268
0.5496688741721855
0.7616136919315404
0.75
0.7191697191697192
0.6674846625766871
0.7455470737913485
0.727741935483871
0.575566750629723
0.6634026927784578
0.7386215864759428
0.7755102040816326
0.6086956521739131
0.768595041322314
0.7043795620437956
0.8181818181818182
0.7267230955259976
0.6952841596130592
0.6826424870466321
0.7204968944099379
0.6027568922305765
0.6945812807881774
0.607661822985469
