//Data table Produced by the HNB package

Name: default.data

//Variables: name of variable followed by names of states
//           The last variable is the class variable
//            State names must start with English characters
v4: s0 s1 s2 
v6: s0 s1 s2 
v7: s0 s1 s2 
v2: s0 s1 s2 
v8: s0 s1 s2 
v9: s0 s1 s2 
v0: s0 s1 s2 

//Records: The last column contains frequencies.
//	        The second last column contain class labels
//	        0=First state, 1=second state, ...
//	        -1=missing value
0 0 0 0 0 0 0   23.0
0 0 0 0 0 0 1   13.0
0 0 0 0 0 0 2   1.0
0 0 0 0 0 1 0   69.0
0 0 0 0 0 1 1   10.0
0 0 0 0 0 1 2   6.0
0 0 0 0 0 2 0   15.0
0 0 0 0 0 2 1   4.0
0 0 0 0 0 2 2   1.0
0 0 0 0 1 0 0   23.0
0 0 0 0 1 0 1   23.0
0 0 0 0 1 0 2   7.0
0 0 0 0 1 1 0   48.0
0 0 0 0 1 1 1   26.0
0 0 0 0 1 1 2   5.0
0 0 0 0 1 2 0   7.0
0 0 0 0 1 2 1   5.0
0 0 0 0 1 2 2   1.0
0 0 0 0 2 0 0   47.0
0 0 0 0 2 0 1   37.0
0 0 0 0 2 0 2   10.0
0 0 0 0 2 1 0   36.0
0 0 0 0 2 1 1   47.0
0 0 0 0 2 1 2   9.0
0 0 0 0 2 2 0   17.0
0 0 0 0 2 2 1   14.0
0 0 0 0 2 2 2   1.0
0 0 0 1 0 0 0   10.0
0 0 0 1 0 0 1   11.0
0 0 0 1 0 0 2   2.0
0 0 0 1 0 1 0   31.0
0 0 0 1 0 1 1   19.0
0 0 0 1 0 1 2   12.0
0 0 0 1 0 2 0   7.0
0 0 0 1 0 2 1   4.0
0 0 0 1 0 2 2   1.0
0 0 0 1 1 0 0   21.0
0 0 0 1 1 0 1   26.0
0 0 0 1 1 0 2   5.0
0 0 0 1 1 1 0   39.0
0 0 0 1 1 1 1   20.0
0 0 0 1 1 1 2   11.0
0 0 0 1 1 2 0   3.0
0 0 0 1 1 2 1   4.0
0 0 0 1 1 2 2   3.0
0 0 0 1 2 0 0   29.0
0 0 0 1 2 0 1   47.0
0 0 0 1 2 0 2   20.0
0 0 0 1 2 1 0   23.0
0 0 0 1 2 1 1   61.0
0 0 0 1 2 1 2   17.0
0 0 0 1 2 2 0   13.0
0 0 0 1 2 2 1   19.0
0 0 0 1 2 2 2   2.0
0 0 0 2 0 0 0   2.0
0 0 0 2 0 0 1   20.0
0 0 0 2 0 0 2   21.0
0 0 0 2 0 1 0   8.0
0 0 0 2 0 1 1   18.0
0 0 0 2 0 1 2   40.0
0 0 0 2 0 2 0   1.0
0 0 0 2 0 2 1   7.0
0 0 0 2 0 2 2   15.0
0 0 0 2 1 0 0   4.0
0 0 0 2 1 0 1   26.0
0 0 0 2 1 0 2   32.0
0 0 0 2 1 1 0   8.0
0 0 0 2 1 1 1   18.0
0 0 0 2 1 1 2   37.0
0 0 0 2 1 2 0   1.0
0 0 0 2 1 2 1   7.0
0 0 0 2 1 2 2   11.0
0 0 0 2 2 0 0   2.0
0 0 0 2 2 0 1   67.0
0 0 0 2 2 0 2   69.0
0 0 0 2 2 1 0   8.0
0 0 0 2 2 1 1   59.0
0 0 0 2 2 1 2   45.0
0 0 0 2 2 2 0   1.0
0 0 0 2 2 2 1   19.0
0 0 0 2 2 2 2   14.0
0 0 1 0 0 0 0   3.0
0 0 1 0 0 0 2   2.0
0 0 1 0 0 1 0   9.0
0 0 1 0 0 1 1   4.0
0 0 1 0 0 2 0   2.0
0 0 1 0 0 2 2   1.0
0 0 1 0 1 0 0   1.0
0 0 1 0 1 0 1   4.0
0 0 1 0 1 1 0   13.0
0 0 1 0 1 1 1   3.0
0 0 1 0 2 0 0   7.0
0 0 1 0 2 0 1   7.0
0 0 1 0 2 0 2   2.0
0 0 1 0 2 1 0   8.0
0 0 1 0 2 1 1   7.0
0 0 1 0 2 2 0   6.0
0 0 1 0 2 2 1   4.0
0 0 1 1 0 0 0   4.0
0 0 1 1 0 0 1   1.0
0 0 1 1 0 0 2   1.0
0 0 1 1 0 1 0   6.0
0 0 1 1 0 1 1   2.0
0 0 1 1 0 2 0   1.0
0 0 1 1 0 2 1   2.0
0 0 1 1 1 0 0   5.0
0 0 1 1 1 0 1   5.0
0 0 1 1 1 0 2   1.0
0 0 1 1 1 1 0   9.0
0 0 1 1 1 1 1   5.0
0 0 1 1 1 1 2   1.0
0 0 1 1 1 2 1   2.0
0 0 1 1 2 0 0   5.0
0 0 1 1 2 0 1   6.0
0 0 1 1 2 0 2   1.0
0 0 1 1 2 1 0   6.0
0 0 1 1 2 1 1   8.0
0 0 1 1 2 1 2   3.0
0 0 1 1 2 2 0   2.0
0 0 1 2 0 0 1   3.0
0 0 1 2 0 0 2   4.0
0 0 1 2 0 1 1   2.0
0 0 1 2 0 1 2   5.0
0 0 1 2 1 0 1   6.0
0 0 1 2 1 0 2   3.0
0 0 1 2 1 1 1   2.0
0 0 1 2 1 1 2   5.0
0 0 1 2 1 2 1   1.0
0 0 1 2 1 2 2   2.0
0 0 1 2 2 0 1   11.0
0 0 1 2 2 0 2   7.0
0 0 1 2 2 1 1   7.0
0 0 1 2 2 1 2   12.0
0 0 1 2 2 2 1   4.0
0 0 1 2 2 2 2   4.0
0 0 2 0 0 0 0   44.0
0 0 2 0 0 0 1   20.0
0 0 2 0 0 0 2   5.0
0 0 2 0 0 1 0   122.0
0 0 2 0 0 1 1   36.0
0 0 2 0 0 1 2   11.0
0 0 2 0 0 2 0   27.0
0 0 2 0 0 2 1   4.0
0 0 2 0 0 2 2   7.0
0 0 2 0 1 0 0   69.0
0 0 2 0 1 0 1   44.0
0 0 2 0 1 0 2   7.0
0 0 2 0 1 1 0   105.0
0 0 2 0 1 1 1   47.0
0 0 2 0 1 1 2   13.0
0 0 2 0 1 2 0   35.0
0 0 2 0 1 2 1   17.0
0 0 2 0 2 0 0   110.0
0 0 2 0 2 0 1   109.0
0 0 2 0 2 0 2   19.0
0 0 2 0 2 1 0   73.0
0 0 2 0 2 1 1   92.0
0 0 2 0 2 1 2   15.0
0 0 2 0 2 2 0   28.0
0 0 2 0 2 2 1   31.0
0 0 2 0 2 2 2   6.0
0 0 2 1 0 0 0   31.0
0 0 2 1 0 0 1   26.0
0 0 2 1 0 0 2   13.0
0 0 2 1 0 1 0   80.0
0 0 2 1 0 1 1   31.0
0 0 2 1 0 1 2   17.0
0 0 2 1 0 2 0   19.0
0 0 2 1 0 2 1   7.0
0 0 2 1 0 2 2   5.0
0 0 2 1 1 0 0   33.0
0 0 2 1 1 0 1   52.0
0 0 2 1 1 0 2   23.0
0 0 2 1 1 1 0   69.0
0 0 2 1 1 1 1   65.0
0 0 2 1 1 1 2   29.0
0 0 2 1 1 2 0   12.0
0 0 2 1 1 2 1   12.0
0 0 2 1 1 2 2   10.0
0 0 2 1 2 0 0   58.0
0 0 2 1 2 0 1   111.0
0 0 2 1 2 0 2   34.0
0 0 2 1 2 1 0   47.0
0 0 2 1 2 1 1   96.0
0 0 2 1 2 1 2   26.0
0 0 2 1 2 2 0   20.0
0 0 2 1 2 2 1   24.0
0 0 2 1 2 2 2   9.0
0 0 2 2 0 0 0   5.0
0 0 2 2 0 0 1   33.0
0 0 2 2 0 0 2   42.0
0 0 2 2 0 1 0   16.0
0 0 2 2 0 1 1   39.0
0 0 2 2 0 1 2   83.0
0 0 2 2 0 2 0   2.0
0 0 2 2 0 2 1   11.0
0 0 2 2 0 2 2   24.0
0 0 2 2 1 0 0   6.0
0 0 2 2 1 0 1   56.0
0 0 2 2 1 0 2   54.0
0 0 2 2 1 1 0   20.0
0 0 2 2 1 1 1   51.0
0 0 2 2 1 1 2   90.0
0 0 2 2 1 2 0   4.0
0 0 2 2 1 2 1   16.0
0 0 2 2 1 2 2   22.0
0 0 2 2 2 0 0   10.0
0 0 2 2 2 0 1   126.0
0 0 2 2 2 0 2   118.0
0 0 2 2 2 1 0   5.0
0 0 2 2 2 1 1   122.0
0 0 2 2 2 1 2   120.0
0 0 2 2 2 2 0   1.0
0 0 2 2 2 2 1   33.0
0 0 2 2 2 2 2   37.0
0 1 0 0 0 0 0   18.0
0 1 0 0 0 0 1   5.0
0 1 0 0 0 0 2   1.0
0 1 0 0 0 1 0   34.0
0 1 0 0 0 1 1   6.0
0 1 0 0 0 1 2   2.0
0 1 0 0 0 2 0   10.0
0 1 0 0 0 2 1   3.0
0 1 0 0 0 2 2   1.0
0 1 0 0 1 0 0   12.0
0 1 0 0 1 0 1   9.0
0 1 0 0 1 0 2   10.0
0 1 0 0 1 1 0   37.0
0 1 0 0 1 1 1   18.0
0 1 0 0 1 1 2   8.0
0 1 0 0 1 2 0   4.0
0 1 0 0 1 2 1   1.0
0 1 0 0 2 0 0   33.0
0 1 0 0 2 0 1   35.0
0 1 0 0 2 0 2   9.0
0 1 0 0 2 1 0   24.0
0 1 0 0 2 1 1   24.0
0 1 0 0 2 1 2   3.0
0 1 0 0 2 2 0   8.0
0 1 0 0 2 2 1   5.0
0 1 0 1 0 0 0   11.0
0 1 0 1 0 0 1   1.0
0 1 0 1 0 0 2   2.0
0 1 0 1 0 1 0   21.0
0 1 0 1 0 1 1   13.0
0 1 0 1 0 1 2   8.0
0 1 0 1 0 2 0   5.0
0 1 0 1 0 2 1   1.0
0 1 0 1 0 2 2   3.0
0 1 0 1 1 0 0   4.0
0 1 0 1 1 0 1   11.0
0 1 0 1 1 0 2   6.0
0 1 0 1 1 1 0   22.0
0 1 0 1 1 1 1   18.0
0 1 0 1 1 1 2   13.0
0 1 0 1 1 2 0   6.0
0 1 0 1 1 2 1   6.0
0 1 0 1 1 2 2   2.0
0 1 0 1 2 0 0   19.0
0 1 0 1 2 0 1   35.0
0 1 0 1 2 0 2   15.0
0 1 0 1 2 1 0   14.0
0 1 0 1 2 1 1   20.0
0 1 0 1 2 1 2   12.0
0 1 0 1 2 2 0   4.0
0 1 0 1 2 2 1   6.0
0 1 0 1 2 2 2   6.0
0 1 0 2 0 0 0   1.0
0 1 0 2 0 0 1   8.0
0 1 0 2 0 0 2   19.0
0 1 0 2 0 1 0   3.0
0 1 0 2 0 1 1   13.0
0 1 0 2 0 1 2   20.0
0 1 0 2 0 2 1   2.0
0 1 0 2 0 2 2   7.0
0 1 0 2 1 0 0   2.0
0 1 0 2 1 0 1   16.0
0 1 0 2 1 0 2   23.0
0 1 0 2 1 1 0   1.0
0 1 0 2 1 1 1   16.0
0 1 0 2 1 1 2   35.0
0 1 0 2 1 2 0   2.0
0 1 0 2 1 2 1   2.0
0 1 0 2 1 2 2   10.0
0 1 0 2 2 0 0   4.0
0 1 0 2 2 0 1   34.0
0 1 0 2 2 0 2   42.0
0 1 0 2 2 1 0   3.0
0 1 0 2 2 1 1   28.0
0 1 0 2 2 1 2   56.0
0 1 0 2 2 2 0   2.0
0 1 0 2 2 2 1   11.0
0 1 0 2 2 2 2   19.0
0 1 1 0 0 0 0   26.0
0 1 1 0 0 0 1   23.0
0 1 1 0 0 0 2   5.0
0 1 1 0 0 1 0   86.0
0 1 1 0 0 1 1   24.0
0 1 1 0 0 1 2   12.0
0 1 1 0 0 2 0   22.0
0 1 1 0 0 2 1   7.0
0 1 1 0 0 2 2   3.0
0 1 1 0 1 0 0   42.0
0 1 1 0 1 0 1   32.0
0 1 1 0 1 0 2   13.0
0 1 1 0 1 1 0   90.0
0 1 1 0 1 1 1   36.0
0 1 1 0 1 1 2   12.0
0 1 1 0 1 2 0   25.0
0 1 1 0 1 2 1   8.0
0 1 1 0 1 2 2   3.0
0 1 1 0 2 0 0   86.0
0 1 1 0 2 0 1   100.0
0 1 1 0 2 0 2   15.0
0 1 1 0 2 1 0   45.0
0 1 1 0 2 1 1   92.0
0 1 1 0 2 1 2   13.0
0 1 1 0 2 2 0   19.0
0 1 1 0 2 2 1   19.0
0 1 1 0 2 2 2   5.0
0 1 1 1 0 0 0   18.0
0 1 1 1 0 0 1   25.0
0 1 1 1 0 0 2   22.0
0 1 1 1 0 1 0   75.0
0 1 1 1 0 1 1   30.0
0 1 1 1 0 1 2   24.0
0 1 1 1 0 2 0   13.0
0 1 1 1 0 2 1   5.0
0 1 1 1 0 2 2   5.0
0 1 1 1 1 0 0   23.0
0 1 1 1 1 0 1   41.0
0 1 1 1 1 0 2   26.0
0 1 1 1 1 1 0   42.0
0 1 1 1 1 1 1   42.0
0 1 1 1 1 1 2   29.0
0 1 1 1 1 2 0   18.0
0 1 1 1 1 2 1   9.0
0 1 1 1 1 2 2   8.0
0 1 1 1 2 0 0   53.0
0 1 1 1 2 0 1   103.0
0 1 1 1 2 0 2   37.0
0 1 1 1 2 1 0   36.0
0 1 1 1 2 1 1   79.0
0 1 1 1 2 1 2   31.0
0 1 1 1 2 2 0   8.0
0 1 1 1 2 2 1   19.0
0 1 1 1 2 2 2   21.0
0 1 1 2 0 0 0   4.0
0 1 1 2 0 0 1   38.0
0 1 1 2 0 0 2   49.0
0 1 1 2 0 1 0   12.0
0 1 1 2 0 1 1   24.0
0 1 1 2 0 1 2   94.0
0 1 1 2 0 2 0   5.0
0 1 1 2 0 2 1   11.0
0 1 1 2 0 2 2   19.0
0 1 1 2 1 0 0   4.0
0 1 1 2 1 0 1   43.0
0 1 1 2 1 0 2   70.0
0 1 1 2 1 1 0   8.0
0 1 1 2 1 1 1   58.0
0 1 1 2 1 1 2   99.0
0 1 1 2 1 2 0   2.0
0 1 1 2 1 2 1   14.0
0 1 1 2 1 2 2   27.0
0 1 1 2 2 0 0   2.0
0 1 1 2 2 0 1   107.0
0 1 1 2 2 0 2   174.0
0 1 1 2 2 1 0   9.0
0 1 1 2 2 1 1   66.0
0 1 1 2 2 1 2   138.0
0 1 1 2 2 2 0   3.0
0 1 1 2 2 2 1   21.0
0 1 1 2 2 2 2   48.0
0 1 2 0 0 0 0   53.0
0 1 2 0 0 0 1   27.0
0 1 2 0 0 0 2   5.0
0 1 2 0 0 1 0   122.0
0 1 2 0 0 1 1   29.0
0 1 2 0 0 1 2   12.0
0 1 2 0 0 2 0   26.0
0 1 2 0 0 2 1   7.0
0 1 2 0 0 2 2   4.0
0 1 2 0 1 0 0   62.0
0 1 2 0 1 0 1   55.0
0 1 2 0 1 0 2   10.0
0 1 2 0 1 1 0   129.0
0 1 2 0 1 1 1   50.0
0 1 2 0 1 1 2   13.0
0 1 2 0 1 2 0   29.0
0 1 2 0 1 2 1   14.0
0 1 2 0 1 2 2   2.0
0 1 2 0 2 0 0   131.0
0 1 2 0 2 0 1   117.0
0 1 2 0 2 0 2   25.0
0 1 2 0 2 1 0   93.0
0 1 2 0 2 1 1   103.0
0 1 2 0 2 1 2   15.0
0 1 2 0 2 2 0   43.0
0 1 2 0 2 2 1   38.0
0 1 2 0 2 2 2   3.0
0 1 2 1 0 0 0   37.0
0 1 2 1 0 0 1   31.0
0 1 2 1 0 0 2   9.0
0 1 2 1 0 1 0   85.0
0 1 2 1 0 1 1   32.0
0 1 2 1 0 1 2   24.0
0 1 2 1 0 2 0   24.0
0 1 2 1 0 2 1   14.0
0 1 2 1 0 2 2   2.0
0 1 2 1 1 0 0   39.0
0 1 2 1 1 0 1   53.0
0 1 2 1 1 0 2   19.0
0 1 2 1 1 1 0   82.0
0 1 2 1 1 1 1   55.0
0 1 2 1 1 1 2   22.0
0 1 2 1 1 2 0   17.0
0 1 2 1 1 2 1   8.0
0 1 2 1 1 2 2   8.0
0 1 2 1 2 0 0   71.0
0 1 2 1 2 0 1   147.0
0 1 2 1 2 0 2   54.0
0 1 2 1 2 1 0   67.0
0 1 2 1 2 1 1   104.0
0 1 2 1 2 1 2   39.0
0 1 2 1 2 2 0   14.0
0 1 2 1 2 2 1   44.0
0 1 2 1 2 2 2   15.0
0 1 2 2 0 0 0   3.0
0 1 2 2 0 0 1   39.0
0 1 2 2 0 0 2   41.0
0 1 2 2 0 1 0   14.0
0 1 2 2 0 1 1   33.0
0 1 2 2 0 1 2   100.0
0 1 2 2 0 2 0   5.0
0 1 2 2 0 2 1   12.0
0 1 2 2 0 2 2   17.0
0 1 2 2 1 0 0   8.0
0 1 2 2 1 0 1   60.0
0 1 2 2 1 0 2   66.0
0 1 2 2 1 1 0   11.0
0 1 2 2 1 1 1   63.0
0 1 2 2 1 1 2   96.0
0 1 2 2 1 2 0   9.0
0 1 2 2 1 2 1   15.0
0 1 2 2 1 2 2   22.0
0 1 2 2 2 0 0   16.0
0 1 2 2 2 0 1   153.0
0 1 2 2 2 0 2   191.0
0 1 2 2 2 1 0   5.0
0 1 2 2 2 1 1   129.0
0 1 2 2 2 1 2   137.0
0 1 2 2 2 2 0   1.0
0 1 2 2 2 2 1   25.0
0 1 2 2 2 2 2   44.0
0 2 0 0 0 0 0   22.0
0 2 0 0 0 0 1   16.0
0 2 0 0 0 0 2   4.0
0 2 0 0 0 1 0   55.0
0 2 0 0 0 1 1   20.0
0 2 0 0 0 1 2   3.0
0 2 0 0 0 2 0   8.0
0 2 0 0 0 2 1   4.0
0 2 0 0 1 0 0   16.0
0 2 0 0 1 0 1   26.0
0 2 0 0 1 0 2   4.0
0 2 0 0 1 1 0   47.0
0 2 0 0 1 1 1   22.0
0 2 0 0 1 1 2   7.0
0 2 0 0 1 2 0   14.0
0 2 0 0 1 2 1   5.0
0 2 0 0 2 0 0   49.0
0 2 0 0 2 0 1   54.0
0 2 0 0 2 0 2   6.0
0 2 0 0 2 1 0   47.0
0 2 0 0 2 1 1   23.0
0 2 0 0 2 1 2   7.0
0 2 0 0 2 2 0   20.0
0 2 0 0 2 2 1   15.0
0 2 0 0 2 2 2   2.0
0 2 0 1 0 0 0   16.0
0 2 0 1 0 0 1   19.0
0 2 0 1 0 0 2   6.0
0 2 0 1 0 1 0   30.0
0 2 0 1 0 1 1   11.0
0 2 0 1 0 1 2   9.0
0 2 0 1 0 2 0   8.0
0 2 0 1 0 2 1   5.0
0 2 0 1 0 2 2   1.0
0 2 0 1 1 0 0   8.0
0 2 0 1 1 0 1   26.0
0 2 0 1 1 0 2   6.0
0 2 0 1 1 1 0   36.0
0 2 0 1 1 1 1   27.0
0 2 0 1 1 1 2   19.0
0 2 0 1 1 2 0   4.0
0 2 0 1 1 2 1   8.0
0 2 0 1 1 2 2   7.0
0 2 0 1 2 0 0   39.0
0 2 0 1 2 0 1   75.0
0 2 0 1 2 0 2   22.0
0 2 0 1 2 1 0   19.0
0 2 0 1 2 1 1   48.0
0 2 0 1 2 1 2   13.0
0 2 0 1 2 2 0   9.0
0 2 0 1 2 2 1   14.0
0 2 0 1 2 2 2   3.0
0 2 0 2 0 0 1   16.0
0 2 0 2 0 0 2   23.0
0 2 0 2 0 1 0   5.0
0 2 0 2 0 1 1   16.0
0 2 0 2 0 1 2   43.0
0 2 0 2 0 2 0   2.0
0 2 0 2 0 2 1   5.0
0 2 0 2 0 2 2   11.0
0 2 0 2 1 0 0   3.0
0 2 0 2 1 0 1   18.0
0 2 0 2 1 0 2   34.0
0 2 0 2 1 1 0   8.0
0 2 0 2 1 1 1   26.0
0 2 0 2 1 1 2   53.0
0 2 0 2 1 2 0   3.0
0 2 0 2 1 2 1   5.0
0 2 0 2 1 2 2   17.0
0 2 0 2 2 0 0   3.0
0 2 0 2 2 0 1   54.0
0 2 0 2 2 0 2   69.0
0 2 0 2 2 1 0   6.0
0 2 0 2 2 1 1   49.0
0 2 0 2 2 1 2   77.0
0 2 0 2 2 2 1   11.0
0 2 0 2 2 2 2   21.0
0 2 1 0 0 0 0   32.0
0 2 1 0 0 0 1   19.0
0 2 1 0 0 0 2   1.0
0 2 1 0 0 1 0   70.0
0 2 1 0 0 1 1   19.0
0 2 1 0 0 1 2   10.0
0 2 1 0 0 2 0   20.0
0 2 1 0 0 2 1   7.0
0 2 1 0 0 2 2   1.0
0 2 1 0 1 0 0   43.0
0 2 1 0 1 0 1   20.0
0 2 1 0 1 0 2   5.0
0 2 1 0 1 1 0   80.0
0 2 1 0 1 1 1   34.0
0 2 1 0 1 1 2   7.0
0 2 1 0 1 2 0   7.0
0 2 1 0 1 2 1   5.0
0 2 1 0 1 2 2   3.0
0 2 1 0 2 0 0   69.0
0 2 1 0 2 0 1   64.0
0 2 1 0 2 0 2   15.0
0 2 1 0 2 1 0   48.0
0 2 1 0 2 1 1   50.0
0 2 1 0 2 1 2   17.0
0 2 1 0 2 2 0   21.0
0 2 1 0 2 2 1   19.0
0 2 1 0 2 2 2   4.0
0 2 1 1 0 0 0   16.0
0 2 1 1 0 0 1   19.0
0 2 1 1 0 0 2   9.0
0 2 1 1 0 1 0   39.0
0 2 1 1 0 1 1   23.0
0 2 1 1 0 1 2   22.0
0 2 1 1 0 2 0   16.0
0 2 1 1 0 2 1   12.0
0 2 1 1 0 2 2   8.0
0 2 1 1 1 0 0   19.0
0 2 1 1 1 0 1   23.0
0 2 1 1 1 0 2   13.0
0 2 1 1 1 1 0   43.0
0 2 1 1 1 1 1   30.0
0 2 1 1 1 1 2   18.0
0 2 1 1 1 2 0   6.0
0 2 1 1 1 2 1   9.0
0 2 1 1 1 2 2   4.0
0 2 1 1 2 0 0   51.0
0 2 1 1 2 0 1   84.0
0 2 1 1 2 0 2   24.0
0 2 1 1 2 1 0   29.0
0 2 1 1 2 1 1   59.0
0 2 1 1 2 1 2   23.0
0 2 1 1 2 2 0   16.0
0 2 1 1 2 2 1   20.0
0 2 1 1 2 2 2   10.0
0 2 1 2 0 0 0   5.0
0 2 1 2 0 0 1   22.0
0 2 1 2 0 0 2   39.0
0 2 1 2 0 1 0   4.0
0 2 1 2 0 1 1   24.0
0 2 1 2 0 1 2   63.0
0 2 1 2 0 2 0   2.0
0 2 1 2 0 2 1   4.0
0 2 1 2 0 2 2   18.0
0 2 1 2 1 0 0   4.0
0 2 1 2 1 0 1   26.0
0 2 1 2 1 0 2   58.0
0 2 1 2 1 1 0   5.0
0 2 1 2 1 1 1   30.0
0 2 1 2 1 1 2   69.0
0 2 1 2 1 2 0   1.0
0 2 1 2 1 2 1   12.0
0 2 1 2 1 2 2   19.0
0 2 1 2 2 0 0   3.0
0 2 1 2 2 0 1   95.0
0 2 1 2 2 0 2   118.0
0 2 1 2 2 1 0   10.0
0 2 1 2 2 1 1   65.0
0 2 1 2 2 1 2   119.0
0 2 1 2 2 2 0   1.0
0 2 1 2 2 2 1   26.0
0 2 1 2 2 2 2   38.0
0 2 2 0 0 0 0   59.0
0 2 2 0 0 0 1   34.0
0 2 2 0 0 0 2   9.0
0 2 2 0 0 1 0   149.0
0 2 2 0 0 1 1   47.0
0 2 2 0 0 1 2   16.0
0 2 2 0 0 2 0   38.0
0 2 2 0 0 2 1   12.0
0 2 2 0 0 2 2   4.0
0 2 2 0 1 0 0   60.0
0 2 2 0 1 0 1   66.0
0 2 2 0 1 0 2   12.0
0 2 2 0 1 1 0   149.0
0 2 2 0 1 1 1   72.0
0 2 2 0 1 1 2   14.0
0 2 2 0 1 2 0   24.0
0 2 2 0 1 2 1   18.0
0 2 2 0 1 2 2   2.0
0 2 2 0 2 0 0   142.0
0 2 2 0 2 0 1   146.0
0 2 2 0 2 0 2   23.0
0 2 2 0 2 1 0   103.0
0 2 2 0 2 1 1   143.0
0 2 2 0 2 1 2   17.0
0 2 2 0 2 2 0   50.0
0 2 2 0 2 2 1   30.0
0 2 2 0 2 2 2   4.0
0 2 2 1 0 0 0   26.0
0 2 2 1 0 0 1   48.0
0 2 2 1 0 0 2   18.0
0 2 2 1 0 1 0   96.0
0 2 2 1 0 1 1   42.0
0 2 2 1 0 1 2   40.0
0 2 2 1 0 2 0   24.0
0 2 2 1 0 2 1   13.0
0 2 2 1 0 2 2   9.0
0 2 2 1 1 0 0   34.0
0 2 2 1 1 0 1   61.0
0 2 2 1 1 0 2   18.0
0 2 2 1 1 1 0   102.0
0 2 2 1 1 1 1   70.0
0 2 2 1 1 1 2   34.0
0 2 2 1 1 2 0   25.0
0 2 2 1 1 2 1   19.0
0 2 2 1 1 2 2   7.0
0 2 2 1 2 0 0   106.0
0 2 2 1 2 0 1   139.0
0 2 2 1 2 0 2   56.0
0 2 2 1 2 1 0   75.0
0 2 2 1 2 1 1   135.0
0 2 2 1 2 1 2   39.0
0 2 2 1 2 2 0   25.0
0 2 2 1 2 2 1   40.0
0 2 2 1 2 2 2   12.0
0 2 2 2 0 0 0   11.0
0 2 2 2 0 0 1   42.0
0 2 2 2 0 0 2   56.0
0 2 2 2 0 1 0   20.0
0 2 2 2 0 1 1   58.0
0 2 2 2 0 1 2   104.0
0 2 2 2 0 2 0   3.0
0 2 2 2 0 2 1   11.0
0 2 2 2 0 2 2   19.0
0 2 2 2 1 0 0   7.0
0 2 2 2 1 0 1   75.0
0 2 2 2 1 0 2   75.0
0 2 2 2 1 1 0   10.0
0 2 2 2 1 1 1   74.0
0 2 2 2 1 1 2   111.0
0 2 2 2 1 2 0   4.0
0 2 2 2 1 2 1   12.0
0 2 2 2 1 2 2   31.0
0 2 2 2 2 0 0   16.0
0 2 2 2 2 0 1   181.0
0 2 2 2 2 0 2   185.0
0 2 2 2 2 1 0   8.0
0 2 2 2 2 1 1   154.0
0 2 2 2 2 1 2   152.0
0 2 2 2 2 2 0   5.0
0 2 2 2 2 2 1   53.0
0 2 2 2 2 2 2   34.0
1 0 0 0 0 0 0   14.0
1 0 0 0 0 0 1   5.0
1 0 0 0 0 1 0   67.0
1 0 0 0 0 1 1   10.0
1 0 0 0 0 1 2   2.0
1 0 0 0 0 2 0   13.0
1 0 0 0 0 2 1   2.0
1 0 0 0 0 2 2   1.0
1 0 0 0 1 0 0   29.0
1 0 0 0 1 0 1   21.0
1 0 0 0 1 1 0   59.0
1 0 0 0 1 1 1   24.0
1 0 0 0 1 1 2   2.0
1 0 0 0 1 2 0   17.0
1 0 0 0 1 2 1   4.0
1 0 0 0 2 0 0   53.0
1 0 0 0 2 0 1   52.0
1 0 0 0 2 0 2   2.0
1 0 0 0 2 1 0   48.0
1 0 0 0 2 1 1   50.0
1 0 0 0 2 1 2   4.0
1 0 0 0 2 2 0   22.0
1 0 0 0 2 2 1   13.0
1 0 0 1 0 0 0   19.0
1 0 0 1 0 0 1   15.0
1 0 0 1 0 0 2   3.0
1 0 0 1 0 1 0   38.0
1 0 0 1 0 1 1   17.0
1 0 0 1 0 2 0   2.0
1 0 0 1 0 2 1   12.0
1 0 0 1 1 0 0   12.0
1 0 0 1 1 0 1   25.0
1 0 0 1 1 0 2   4.0
1 0 0 1 1 1 0   42.0
1 0 0 1 1 1 1   17.0
1 0 0 1 1 1 2   2.0
1 0 0 1 1 2 0   8.0
1 0 0 1 1 2 1   4.0
1 0 0 1 2 0 0   38.0
1 0 0 1 2 0 1   50.0
1 0 0 1 2 0 2   8.0
1 0 0 1 2 1 0   26.0
1 0 0 1 2 1 1   35.0
1 0 0 1 2 1 2   4.0
1 0 0 1 2 2 0   11.0
1 0 0 1 2 2 1   14.0
1 0 0 1 2 2 2   2.0
1 0 0 2 0 0 0   1.0
1 0 0 2 0 0 1   17.0
1 0 0 2 0 0 2   7.0
1 0 0 2 0 1 0   8.0
1 0 0 2 0 1 1   16.0
1 0 0 2 0 1 2   10.0
1 0 0 2 0 2 0   1.0
1 0 0 2 0 2 1   1.0
1 0 0 2 0 2 2   4.0
1 0 0 2 1 0 1   25.0
1 0 0 2 1 0 2   12.0
1 0 0 2 1 1 0   5.0
1 0 0 2 1 1 1   27.0
1 0 0 2 1 1 2   16.0
1 0 0 2 1 2 0   3.0
1 0 0 2 1 2 1   6.0
1 0 0 2 1 2 2   3.0
1 0 0 2 2 0 0   5.0
1 0 0 2 2 0 1   52.0
1 0 0 2 2 0 2   21.0
1 0 0 2 2 1 0   6.0
1 0 0 2 2 1 1   45.0
1 0 0 2 2 1 2   21.0
1 0 0 2 2 2 0   1.0
1 0 0 2 2 2 1   11.0
1 0 0 2 2 2 2   3.0
1 0 1 0 0 0 0   8.0
1 0 1 0 0 0 1   5.0
1 0 1 0 0 1 0   8.0
1 0 1 0 0 1 1   1.0
1 0 1 0 0 2 0   3.0
1 0 1 0 1 0 0   3.0
1 0 1 0 1 0 1   9.0
1 0 1 0 1 1 0   9.0
1 0 1 0 1 1 1   2.0
1 0 1 0 1 2 0   3.0
1 0 1 0 1 2 1   1.0
1 0 1 0 2 0 0   12.0
1 0 1 0 2 0 1   5.0
1 0 1 0 2 1 0   4.0
1 0 1 0 2 1 1   7.0
1 0 1 0 2 2 0   1.0
1 0 1 0 2 2 1   1.0
1 0 1 1 0 0 0   2.0
1 0 1 1 0 0 1   1.0
1 0 1 1 0 1 0   7.0
1 0 1 1 0 1 1   4.0
1 0 1 1 0 2 0   2.0
1 0 1 1 1 0 0   1.0
1 0 1 1 1 0 1   4.0
1 0 1 1 1 1 0   9.0
1 0 1 1 1 1 1   5.0
1 0 1 1 1 2 0   1.0
1 0 1 1 2 0 0   6.0
1 0 1 1 2 0 1   17.0
1 0 1 1 2 0 2   1.0
1 0 1 1 2 1 0   5.0
1 0 1 1 2 1 1   8.0
1 0 1 1 2 2 0   1.0
1 0 1 1 2 2 1   2.0
1 0 1 2 0 0 2   2.0
1 0 1 2 0 1 0   1.0
1 0 1 2 0 1 1   2.0
1 0 1 2 0 1 2   4.0
1 0 1 2 0 2 1   3.0
1 0 1 2 0 2 2   1.0
1 0 1 2 1 0 1   9.0
1 0 1 2 1 0 2   1.0
1 0 1 2 1 1 0   3.0
1 0 1 2 1 1 1   6.0
1 0 1 2 1 1 2   3.0
1 0 1 2 1 2 1   2.0
1 0 1 2 2 0 1   15.0
1 0 1 2 2 0 2   2.0
1 0 1 2 2 1 1   12.0
1 0 1 2 2 1 2   3.0
1 0 1 2 2 2 1   2.0
1 0 2 0 0 0 0   47.0
1 0 2 0 0 0 1   32.0
1 0 2 0 0 0 2   1.0
1 0 2 0 0 1 0   128.0
1 0 2 0 0 1 1   39.0
1 0 2 0 0 1 2   2.0
1 0 2 0 0 2 0   34.0
1 0 2 0 0 2 1   6.0
1 0 2 0 0 2 2   1.0
1 0 2 0 1 0 0   58.0
1 0 2 0 1 0 1   51.0
1 0 2 0 1 1 0   108.0
1 0 2 0 1 1 1   42.0
1 0 2 0 1 1 2   5.0
1 0 2 0 1 2 0   32.0
1 0 2 0 1 2 1   14.0
1 0 2 0 1 2 2   1.0
1 0 2 0 2 0 0   139.0
1 0 2 0 2 0 1   103.0
1 0 2 0 2 0 2   4.0
1 0 2 0 2 1 0   78.0
1 0 2 0 2 1 1   92.0
1 0 2 0 2 1 2   2.0
1 0 2 0 2 2 0   28.0
1 0 2 0 2 2 1   33.0
1 0 2 1 0 0 0   35.0
1 0 2 1 0 0 1   22.0
1 0 2 1 0 0 2   3.0
1 0 2 1 0 1 0   68.0
1 0 2 1 0 1 1   40.0
1 0 2 1 0 1 2   6.0
1 0 2 1 0 2 0   27.0
1 0 2 1 0 2 1   10.0
1 0 2 1 0 2 2   4.0
1 0 2 1 1 0 0   28.0
1 0 2 1 1 0 1   54.0
1 0 2 1 1 0 2   6.0
1 0 2 1 1 1 0   77.0
1 0 2 1 1 1 1   48.0
1 0 2 1 1 1 2   7.0
1 0 2 1 1 2 0   11.0
1 0 2 1 1 2 1   10.0
1 0 2 1 1 2 2   4.0
1 0 2 1 2 0 0   73.0
1 0 2 1 2 0 1   128.0
1 0 2 1 2 0 2   10.0
1 0 2 1 2 1 0   46.0
1 0 2 1 2 1 1   101.0
1 0 2 1 2 1 2   3.0
1 0 2 1 2 2 0   24.0
1 0 2 1 2 2 1   35.0
1 0 2 1 2 2 2   3.0
1 0 2 2 0 0 0   2.0
1 0 2 2 0 0 1   26.0
1 0 2 2 0 0 2   15.0
1 0 2 2 0 1 0   14.0
1 0 2 2 0 1 1   31.0
1 0 2 2 0 1 2   30.0
1 0 2 2 0 2 0   3.0
1 0 2 2 0 2 1   6.0
1 0 2 2 0 2 2   7.0
1 0 2 2 1 0 0   5.0
1 0 2 2 1 0 1   54.0
1 0 2 2 1 0 2   18.0
1 0 2 2 1 1 0   11.0
1 0 2 2 1 1 1   49.0
1 0 2 2 1 1 2   28.0
1 0 2 2 1 2 0   5.0
1 0 2 2 1 2 1   24.0
1 0 2 2 1 2 2   7.0
1 0 2 2 2 0 0   8.0
1 0 2 2 2 0 1   134.0
1 0 2 2 2 0 2   42.0
1 0 2 2 2 1 0   9.0
1 0 2 2 2 1 1   103.0
1 0 2 2 2 1 2   39.0
1 0 2 2 2 2 0   1.0
1 0 2 2 2 2 1   26.0
1 0 2 2 2 2 2   7.0
1 1 0 0 0 0 0   9.0
1 1 0 0 0 0 1   3.0
1 1 0 0 0 1 0   12.0
1 1 0 0 0 1 1   6.0
1 1 0 0 0 2 0   4.0
1 1 0 0 0 2 1   1.0
1 1 0 0 1 0 0   8.0
1 1 0 0 1 0 1   4.0
1 1 0 0 1 1 0   17.0
1 1 0 0 1 1 1   8.0
1 1 0 0 1 2 0   5.0
1 1 0 0 1 2 1   1.0
1 1 0 0 2 0 0   18.0
1 1 0 0 2 0 1   17.0
1 1 0 0 2 0 2   1.0
1 1 0 0 2 1 0   10.0
1 1 0 0 2 1 1   19.0
1 1 0 0 2 2 0   1.0
1 1 0 0 2 2 1   7.0
1 1 0 0 2 2 2   1.0
1 1 0 1 0 0 0   7.0
1 1 0 1 0 0 1   5.0
1 1 0 1 0 1 0   10.0
1 1 0 1 0 1 1   6.0
1 1 0 1 0 1 2   1.0
1 1 0 1 0 2 0   2.0
1 1 0 1 0 2 2   1.0
1 1 0 1 1 0 0   9.0
1 1 0 1 1 0 1   13.0
1 1 0 1 1 0 2   1.0
1 1 0 1 1 1 0   7.0
1 1 0 1 1 1 1   6.0
1 1 0 1 1 2 0   1.0
1 1 0 1 1 2 1   3.0
1 1 0 1 1 2 2   2.0
1 1 0 1 2 0 0   12.0
1 1 0 1 2 0 1   22.0
1 1 0 1 2 1 0   2.0
1 1 0 1 2 1 1   21.0
1 1 0 1 2 1 2   5.0
1 1 0 1 2 2 0   6.0
1 1 0 1 2 2 1   6.0
1 1 0 2 0 0 0   2.0
1 1 0 2 0 0 1   6.0
1 1 0 2 0 0 2   3.0
1 1 0 2 0 1 0   4.0
1 1 0 2 0 1 1   7.0
1 1 0 2 0 1 2   5.0
1 1 0 2 0 2 0   2.0
1 1 0 2 0 2 1   2.0
1 1 0 2 0 2 2   1.0
1 1 0 2 1 0 0   1.0
1 1 0 2 1 0 1   11.0
1 1 0 2 1 0 2   4.0
1 1 0 2 1 1 0   1.0
1 1 0 2 1 1 1   11.0
1 1 0 2 1 1 2   7.0
1 1 0 2 1 2 0   1.0
1 1 0 2 1 2 1   3.0
1 1 0 2 1 2 2   1.0
1 1 0 2 2 0 0   2.0
1 1 0 2 2 0 1   23.0
1 1 0 2 2 0 2   8.0
1 1 0 2 2 1 0   1.0
1 1 0 2 2 1 1   20.0
1 1 0 2 2 1 2   3.0
1 1 0 2 2 2 0   1.0
1 1 0 2 2 2 1   8.0
1 1 0 2 2 2 2   2.0
1 1 1 0 0 0 0   18.0
1 1 1 0 0 0 1   11.0
1 1 1 0 0 1 0   68.0
1 1 1 0 0 1 1   12.0
1 1 1 0 0 1 2   2.0
1 1 1 0 0 2 0   18.0
1 1 1 0 0 2 1   8.0
1 1 1 0 0 2 2   2.0
1 1 1 0 1 0 0   31.0
1 1 1 0 1 0 1   16.0
1 1 1 0 1 1 0   50.0
1 1 1 0 1 1 1   22.0
1 1 1 0 1 1 2   2.0
1 1 1 0 1 2 0   18.0
1 1 1 0 1 2 1   5.0
1 1 1 0 2 0 0   55.0
1 1 1 0 2 0 1   49.0
1 1 1 0 2 0 2   6.0
1 1 1 0 2 1 0   33.0
1 1 1 0 2 1 1   55.0
1 1 1 0 2 1 2   1.0
1 1 1 0 2 2 0   16.0
1 1 1 0 2 2 1   12.0
1 1 1 0 2 2 2   1.0
1 1 1 1 0 0 0   12.0
1 1 1 1 0 0 1   12.0
1 1 1 1 0 0 2   2.0
1 1 1 1 0 1 0   40.0
1 1 1 1 0 1 1   14.0
1 1 1 1 0 1 2   1.0
1 1 1 1 0 2 0   8.0
1 1 1 1 0 2 1   2.0
1 1 1 1 0 2 2   1.0
1 1 1 1 1 0 0   23.0
1 1 1 1 1 0 1   16.0
1 1 1 1 1 0 2   1.0
1 1 1 1 1 1 0   24.0
1 1 1 1 1 1 1   19.0
1 1 1 1 1 1 2   1.0
1 1 1 1 1 2 0   2.0
1 1 1 1 1 2 1   4.0
1 1 1 1 1 2 2   2.0
1 1 1 1 2 0 0   35.0
1 1 1 1 2 0 1   61.0
1 1 1 1 2 0 2   5.0
1 1 1 1 2 1 0   31.0
1 1 1 1 2 1 1   47.0
1 1 1 1 2 1 2   3.0
1 1 1 1 2 2 0   11.0
1 1 1 1 2 2 1   12.0
1 1 1 1 2 2 2   1.0
1 1 1 2 0 0 0   4.0
1 1 1 2 0 0 1   11.0
1 1 1 2 0 0 2   7.0
1 1 1 2 0 1 0   3.0
1 1 1 2 0 1 1   16.0
1 1 1 2 0 1 2   9.0
1 1 1 2 0 2 0   1.0
1 1 1 2 0 2 1   4.0
1 1 1 2 0 2 2   2.0
1 1 1 2 1 0 0   5.0
1 1 1 2 1 0 1   25.0
1 1 1 2 1 0 2   8.0
1 1 1 2 1 1 0   6.0
1 1 1 2 1 1 1   26.0
1 1 1 2 1 1 2   18.0
1 1 1 2 1 2 0   3.0
1 1 1 2 1 2 1   5.0
1 1 1 2 1 2 2   4.0
1 1 1 2 2 0 0   2.0
1 1 1 2 2 0 1   64.0
1 1 1 2 2 0 2   14.0
1 1 1 2 2 1 0   4.0
1 1 1 2 2 1 1   48.0
1 1 1 2 2 1 2   28.0
1 1 1 2 2 2 0   1.0
1 1 1 2 2 2 1   17.0
1 1 1 2 2 2 2   6.0
1 1 2 0 0 0 0   56.0
1 1 2 0 0 0 1   29.0
1 1 2 0 0 1 0   136.0
1 1 2 0 0 1 1   35.0
1 1 2 0 0 1 2   1.0
1 1 2 0 0 2 0   34.0
1 1 2 0 0 2 1   12.0
1 1 2 0 1 0 0   63.0
1 1 2 0 1 0 1   57.0
1 1 2 0 1 0 2   2.0
1 1 2 0 1 1 0   112.0
1 1 2 0 1 1 1   53.0
1 1 2 0 1 1 2   7.0
1 1 2 0 1 2 0   51.0
1 1 2 0 1 2 1   18.0
1 1 2 0 2 0 0   135.0
1 1 2 0 2 0 1   130.0
1 1 2 0 2 0 2   2.0
1 1 2 0 2 1 0   99.0
1 1 2 0 2 1 1   107.0
1 1 2 0 2 1 2   2.0
1 1 2 0 2 2 0   41.0
1 1 2 0 2 2 1   31.0
1 1 2 1 0 0 0   36.0
1 1 2 1 0 0 1   25.0
1 1 2 1 0 0 2   4.0
1 1 2 1 0 1 0   87.0
1 1 2 1 0 1 1   30.0
1 1 2 1 0 1 2   6.0
1 1 2 1 0 2 0   22.0
1 1 2 1 0 2 1   17.0
1 1 2 1 0 2 2   1.0
1 1 2 1 1 0 0   40.0
1 1 2 1 1 0 1   48.0
1 1 2 1 1 0 2   6.0
1 1 2 1 1 1 0   79.0
1 1 2 1 1 1 1   57.0
1 1 2 1 1 1 2   11.0
1 1 2 1 1 2 0   16.0
1 1 2 1 1 2 1   10.0
1 1 2 1 1 2 2   4.0
1 1 2 1 2 0 0   69.0
1 1 2 1 2 0 1   106.0
1 1 2 1 2 0 2   13.0
1 1 2 1 2 1 0   48.0
1 1 2 1 2 1 1   106.0
1 1 2 1 2 1 2   12.0
1 1 2 1 2 2 0   16.0
1 1 2 1 2 2 1   36.0
1 1 2 1 2 2 2   4.0
1 1 2 2 0 0 0   7.0
1 1 2 2 0 0 1   36.0
1 1 2 2 0 0 2   13.0
1 1 2 2 0 1 0   17.0
1 1 2 2 0 1 1   49.0
1 1 2 2 0 1 2   21.0
1 1 2 2 0 2 0   3.0
1 1 2 2 0 2 1   8.0
1 1 2 2 0 2 2   9.0
1 1 2 2 1 0 0   2.0
1 1 2 2 1 0 1   55.0
1 1 2 2 1 0 2   24.0
1 1 2 2 1 1 0   12.0
1 1 2 2 1 1 1   47.0
1 1 2 2 1 1 2   32.0
1 1 2 2 1 2 0   2.0
1 1 2 2 1 2 1   17.0
1 1 2 2 1 2 2   10.0
1 1 2 2 2 0 0   11.0
1 1 2 2 2 0 1   143.0
1 1 2 2 2 0 2   42.0
1 1 2 2 2 1 0   9.0
1 1 2 2 2 1 1   124.0
1 1 2 2 2 1 2   40.0
1 1 2 2 2 2 0   2.0
1 1 2 2 2 2 1   20.0
1 1 2 2 2 2 2   9.0
1 2 0 0 0 0 0   24.0
1 2 0 0 0 0 1   4.0
1 2 0 0 0 1 0   44.0
1 2 0 0 0 1 1   4.0
1 2 0 0 0 1 2   1.0
1 2 0 0 0 2 0   7.0
1 2 0 0 0 2 1   7.0
1 2 0 0 1 0 0   26.0
1 2 0 0 1 0 1   14.0
1 2 0 0 1 1 0   44.0
1 2 0 0 1 1 1   21.0
1 2 0 0 1 1 2   3.0
1 2 0 0 1 2 0   6.0
1 2 0 0 1 2 1   7.0
1 2 0 0 1 2 2   1.0
1 2 0 0 2 0 0   48.0
1 2 0 0 2 0 1   36.0
1 2 0 0 2 0 2   2.0
1 2 0 0 2 1 0   24.0
1 2 0 0 2 1 1   32.0
1 2 0 0 2 1 2   2.0
1 2 0 0 2 2 0   12.0
1 2 0 0 2 2 1   7.0
1 2 0 1 0 0 0   13.0
1 2 0 1 0 0 1   12.0
1 2 0 1 0 0 2   1.0
1 2 0 1 0 1 0   32.0
1 2 0 1 0 1 1   19.0
1 2 0 1 0 1 2   7.0
1 2 0 1 0 2 0   6.0
1 2 0 1 0 2 1   1.0
1 2 0 1 1 0 0   12.0
1 2 0 1 1 0 1   13.0
1 2 0 1 1 0 2   2.0
1 2 0 1 1 1 0   18.0
1 2 0 1 1 1 1   21.0
1 2 0 1 1 1 2   2.0
1 2 0 1 1 2 0   13.0
1 2 0 1 1 2 1   6.0
1 2 0 1 1 2 2   1.0
1 2 0 1 2 0 0   21.0
1 2 0 1 2 0 1   43.0
1 2 0 1 2 0 2   5.0
1 2 0 1 2 1 0   23.0
1 2 0 1 2 1 1   34.0
1 2 0 1 2 1 2   1.0
1 2 0 1 2 2 0   9.0
1 2 0 1 2 2 1   19.0
1 2 0 1 2 2 2   2.0
1 2 0 2 0 0 0   1.0
1 2 0 2 0 0 1   10.0
1 2 0 2 0 0 2   5.0
1 2 0 2 0 1 0   1.0
1 2 0 2 0 1 1   18.0
1 2 0 2 0 1 2   10.0
1 2 0 2 0 2 0   1.0
1 2 0 2 0 2 1   3.0
1 2 0 2 0 2 2   1.0
1 2 0 2 1 0 0   3.0
1 2 0 2 1 0 1   21.0
1 2 0 2 1 0 2   7.0
1 2 0 2 1 1 0   9.0
1 2 0 2 1 1 1   20.0
1 2 0 2 1 1 2   16.0
1 2 0 2 1 2 0   1.0
1 2 0 2 1 2 1   4.0
1 2 0 2 1 2 2   3.0
1 2 0 2 2 0 0   4.0
1 2 0 2 2 0 1   46.0
1 2 0 2 2 0 2   10.0
1 2 0 2 2 1 1   40.0
1 2 0 2 2 1 2   16.0
1 2 0 2 2 2 0   1.0
1 2 0 2 2 2 1   16.0
1 2 0 2 2 2 2   3.0
1 2 1 0 0 0 0   22.0
1 2 1 0 0 0 1   11.0
1 2 1 0 0 1 0   63.0
1 2 1 0 0 1 1   13.0
1 2 1 0 0 2 0   12.0
1 2 1 0 0 2 1   2.0
1 2 1 0 0 2 2   1.0
1 2 1 0 1 0 0   30.0
1 2 1 0 1 0 1   17.0
1 2 1 0 1 0 2   1.0
1 2 1 0 1 1 0   37.0
1 2 1 0 1 1 1   20.0
1 2 1 0 1 1 2   5.0
1 2 1 0 1 2 0   10.0
1 2 1 0 1 2 1   5.0
1 2 1 0 2 0 0   47.0
1 2 1 0 2 0 1   40.0
1 2 1 0 2 0 2   4.0
1 2 1 0 2 1 0   30.0
1 2 1 0 2 1 1   34.0
1 2 1 0 2 2 0   6.0
1 2 1 0 2 2 1   8.0
1 2 1 1 0 0 0   17.0
1 2 1 1 0 0 1   10.0
1 2 1 1 0 0 2   1.0
1 2 1 1 0 1 0   38.0
1 2 1 1 0 1 1   12.0
1 2 1 1 0 1 2   4.0
1 2 1 1 0 2 0   6.0
1 2 1 1 0 2 1   1.0
1 2 1 1 1 0 0   12.0
1 2 1 1 1 0 1   18.0
1 2 1 1 1 0 2   1.0
1 2 1 1 1 1 0   31.0
1 2 1 1 1 1 1   18.0
1 2 1 1 1 1 2   6.0
1 2 1 1 1 2 0   4.0
1 2 1 1 1 2 1   9.0
1 2 1 1 1 2 2   1.0
1 2 1 1 2 0 0   25.0
1 2 1 1 2 0 1   58.0
1 2 1 1 2 0 2   7.0
1 2 1 1 2 1 0   21.0
1 2 1 1 2 1 1   35.0
1 2 1 1 2 1 2   3.0
1 2 1 1 2 2 0   14.0
1 2 1 1 2 2 1   6.0
1 2 1 1 2 2 2   3.0
1 2 1 2 0 0 1   13.0
1 2 1 2 0 0 2   9.0
1 2 1 2 0 1 0   10.0
1 2 1 2 0 1 1   12.0
1 2 1 2 0 1 2   9.0
1 2 1 2 0 2 0   1.0
1 2 1 2 0 2 1   1.0
1 2 1 2 1 0 0   1.0
1 2 1 2 1 0 1   18.0
1 2 1 2 1 0 2   11.0
1 2 1 2 1 1 0   3.0
1 2 1 2 1 1 1   16.0
1 2 1 2 1 1 2   8.0
1 2 1 2 1 2 1   5.0
1 2 1 2 1 2 2   5.0
1 2 1 2 2 0 0   4.0
1 2 1 2 2 0 1   55.0
1 2 1 2 2 0 2   18.0
1 2 1 2 2 1 0   1.0
1 2 1 2 2 1 1   47.0
1 2 1 2 2 1 2   18.0
1 2 1 2 2 2 0   3.0
1 2 1 2 2 2 1   21.0
1 2 1 2 2 2 2   5.0
1 2 2 0 0 0 0   69.0
1 2 2 0 0 0 1   30.0
1 2 2 0 0 0 2   1.0
1 2 2 0 0 1 0   158.0
1 2 2 0 0 1 1   48.0
1 2 2 0 0 1 2   2.0
1 2 2 0 0 2 0   42.0
1 2 2 0 0 2 1   10.0
1 2 2 0 0 2 2   1.0
1 2 2 0 1 0 0   82.0
1 2 2 0 1 0 1   57.0
1 2 2 0 1 0 2   2.0
1 2 2 0 1 1 0   149.0
1 2 2 0 1 1 1   67.0
1 2 2 0 1 1 2   3.0
1 2 2 0 1 2 0   43.0
1 2 2 0 1 2 1   21.0
1 2 2 0 1 2 2   1.0
1 2 2 0 2 0 0   181.0
1 2 2 0 2 0 1   139.0
1 2 2 0 2 0 2   6.0
1 2 2 0 2 1 0   107.0
1 2 2 0 2 1 1   122.0
1 2 2 0 2 1 2   7.0
1 2 2 0 2 2 0   46.0
1 2 2 0 2 2 1   42.0
1 2 2 0 2 2 2   1.0
1 2 2 1 0 0 0   41.0
1 2 2 1 0 0 1   39.0
1 2 2 1 0 0 2   9.0
1 2 2 1 0 1 0   96.0
1 2 2 1 0 1 1   45.0
1 2 2 1 0 1 2   3.0
1 2 2 1 0 2 0   24.0
1 2 2 1 0 2 1   9.0
1 2 2 1 0 2 2   4.0
1 2 2 1 1 0 0   36.0
1 2 2 1 1 0 1   67.0
1 2 2 1 1 0 2   5.0
1 2 2 1 1 1 0   91.0
1 2 2 1 1 1 1   69.0
1 2 2 1 1 1 2   12.0
1 2 2 1 1 2 0   16.0
1 2 2 1 1 2 1   23.0
1 2 2 1 1 2 2   2.0
1 2 2 1 2 0 0   89.0
1 2 2 1 2 0 1   154.0
1 2 2 1 2 0 2   9.0
1 2 2 1 2 1 0   52.0
1 2 2 1 2 1 1   131.0
1 2 2 1 2 1 2   12.0
1 2 2 1 2 2 0   22.0
1 2 2 1 2 2 1   26.0
1 2 2 1 2 2 2   4.0
1 2 2 2 0 0 0   2.0
1 2 2 2 0 0 1   51.0
1 2 2 2 0 0 2   14.0
1 2 2 2 0 1 0   11.0
1 2 2 2 0 1 1   52.0
1 2 2 2 0 1 2   38.0
1 2 2 2 0 2 0   5.0
1 2 2 2 0 2 1   11.0
1 2 2 2 0 2 2   10.0
1 2 2 2 1 0 0   5.0
1 2 2 2 1 0 1   77.0
1 2 2 2 1 0 2   23.0
1 2 2 2 1 1 0   25.0
1 2 2 2 1 1 1   56.0
1 2 2 2 1 1 2   35.0
1 2 2 2 1 2 0   4.0
1 2 2 2 1 2 1   16.0
1 2 2 2 1 2 2   3.0
1 2 2 2 2 0 0   20.0
1 2 2 2 2 0 1   178.0
1 2 2 2 2 0 2   47.0
1 2 2 2 2 1 0   17.0
1 2 2 2 2 1 1   129.0
1 2 2 2 2 1 2   50.0
1 2 2 2 2 2 0   4.0
1 2 2 2 2 2 1   41.0
1 2 2 2 2 2 2   11.0
2 0 0 0 0 0 0   10.0
2 0 0 0 0 0 1   4.0
2 0 0 0 0 0 2   2.0
2 0 0 0 0 1 0   35.0
2 0 0 0 0 1 1   10.0
2 0 0 0 0 1 2   9.0
2 0 0 0 0 2 0   6.0
2 0 0 0 1 0 0   17.0
2 0 0 0 1 0 1   11.0
2 0 0 0 1 0 2   3.0
2 0 0 0 1 1 0   28.0
2 0 0 0 1 1 1   15.0
2 0 0 0 1 1 2   3.0
2 0 0 0 1 2 0   10.0
2 0 0 0 1 2 1   3.0
2 0 0 0 1 2 2   4.0
2 0 0 0 2 0 0   31.0
2 0 0 0 2 0 1   34.0
2 0 0 0 2 0 2   8.0
2 0 0 0 2 1 0   20.0
2 0 0 0 2 1 1   24.0
2 0 0 0 2 1 2   10.0
2 0 0 0 2 2 0   12.0
2 0 0 0 2 2 1   8.0
2 0 0 1 0 0 0   8.0
2 0 0 1 0 0 1   6.0
2 0 0 1 0 0 2   6.0
2 0 0 1 0 1 0   21.0
2 0 0 1 0 1 1   8.0
2 0 0 1 0 1 2   11.0
2 0 0 1 0 2 0   2.0
2 0 0 1 0 2 1   4.0
2 0 0 1 0 2 2   2.0
2 0 0 1 1 0 0   12.0
2 0 0 1 1 0 1   13.0
2 0 0 1 1 0 2   5.0
2 0 0 1 1 1 0   12.0
2 0 0 1 1 1 1   19.0
2 0 0 1 1 1 2   14.0
2 0 0 1 1 2 0   3.0
2 0 0 1 1 2 1   3.0
2 0 0 1 1 2 2   9.0
2 0 0 1 2 0 0   23.0
2 0 0 1 2 0 1   34.0
2 0 0 1 2 0 2   22.0
2 0 0 1 2 1 0   15.0
2 0 0 1 2 1 1   29.0
2 0 0 1 2 1 2   14.0
2 0 0 1 2 2 0   3.0
2 0 0 1 2 2 1   11.0
2 0 0 1 2 2 2   5.0
2 0 0 2 0 0 0   1.0
2 0 0 2 0 0 1   8.0
2 0 0 2 0 0 2   20.0
2 0 0 2 0 1 0   2.0
2 0 0 2 0 1 1   18.0
2 0 0 2 0 1 2   37.0
2 0 0 2 0 2 1   1.0
2 0 0 2 0 2 2   13.0
2 0 0 2 1 0 0   1.0
2 0 0 2 1 0 1   9.0
2 0 0 2 1 0 2   33.0
2 0 0 2 1 1 0   6.0
2 0 0 2 1 1 1   15.0
2 0 0 2 1 1 2   42.0
2 0 0 2 1 2 1   9.0
2 0 0 2 1 2 2   12.0
2 0 0 2 2 0 0   5.0
2 0 0 2 2 0 1   36.0
2 0 0 2 2 0 2   75.0
2 0 0 2 2 1 0   3.0
2 0 0 2 2 1 1   28.0
2 0 0 2 2 1 2   64.0
2 0 0 2 2 2 1   8.0
2 0 0 2 2 2 2   25.0
2 0 1 0 0 0 0   2.0
2 0 1 0 0 0 1   1.0
2 0 1 0 0 1 0   1.0
2 0 1 0 0 2 0   1.0
2 0 1 0 1 0 0   3.0
2 0 1 0 1 0 1   1.0
2 0 1 0 1 1 0   3.0
2 0 1 0 1 1 2   2.0
2 0 1 0 1 2 0   1.0
2 0 1 0 1 2 1   1.0
2 0 1 0 1 2 2   1.0
2 0 1 0 2 0 0   1.0
2 0 1 0 2 0 1   6.0
2 0 1 0 2 0 2   1.0
2 0 1 0 2 1 0   4.0
2 0 1 0 2 1 1   8.0
2 0 1 0 2 1 2   1.0
2 0 1 0 2 2 0   4.0
2 0 1 0 2 2 1   1.0
2 0 1 1 0 1 0   3.0
2 0 1 1 0 1 1   2.0
2 0 1 1 0 2 0   1.0
2 0 1 1 1 0 1   2.0
2 0 1 1 1 0 2   1.0
2 0 1 1 1 1 0   1.0
2 0 1 1 1 1 1   2.0
2 0 1 1 1 1 2   3.0
2 0 1 1 1 2 0   1.0
2 0 1 1 2 0 0   1.0
2 0 1 1 2 0 1   3.0
2 0 1 1 2 0 2   1.0
2 0 1 1 2 1 0   2.0
2 0 1 1 2 1 1   3.0
2 0 1 1 2 1 2   3.0
2 0 1 1 2 2 1   1.0
2 0 1 2 0 0 0   1.0
2 0 1 2 0 0 2   2.0
2 0 1 2 0 1 0   1.0
2 0 1 2 0 1 1   6.0
2 0 1 2 0 1 2   5.0
2 0 1 2 1 0 2   5.0
2 0 1 2 1 1 2   9.0
2 0 1 2 2 0 1   7.0
2 0 1 2 2 0 2   6.0
2 0 1 2 2 1 0   1.0
2 0 1 2 2 1 1   4.0
2 0 1 2 2 1 2   1.0
2 0 1 2 2 2 2   2.0
2 0 2 0 0 0 0   28.0
2 0 2 0 0 0 1   17.0
2 0 2 0 0 0 2   3.0
2 0 2 0 0 1 0   58.0
2 0 2 0 0 1 1   20.0
2 0 2 0 0 1 2   15.0
2 0 2 0 0 2 0   13.0
2 0 2 0 0 2 1   6.0
2 0 2 0 0 2 2   2.0
2 0 2 0 1 0 0   28.0
2 0 2 0 1 0 1   24.0
2 0 2 0 1 0 2   6.0
2 0 2 0 1 1 0   63.0
2 0 2 0 1 1 1   34.0
2 0 2 0 1 1 2   9.0
2 0 2 0 1 2 0   15.0
2 0 2 0 1 2 1   8.0
2 0 2 0 1 2 2   4.0
2 0 2 0 2 0 0   57.0
2 0 2 0 2 0 1   64.0
2 0 2 0 2 0 2   16.0
2 0 2 0 2 1 0   41.0
2 0 2 0 2 1 1   57.0
2 0 2 0 2 1 2   14.0
2 0 2 0 2 2 0   15.0
2 0 2 0 2 2 1   13.0
2 0 2 0 2 2 2   6.0
2 0 2 1 0 0 0   16.0
2 0 2 1 0 0 1   15.0
2 0 2 1 0 0 2   11.0
2 0 2 1 0 1 0   55.0
2 0 2 1 0 1 1   24.0
2 0 2 1 0 1 2   21.0
2 0 2 1 0 2 0   8.0
2 0 2 1 0 2 1   6.0
2 0 2 1 0 2 2   2.0
2 0 2 1 1 0 0   16.0
2 0 2 1 1 0 1   23.0
2 0 2 1 1 0 2   13.0
2 0 2 1 1 1 0   45.0
2 0 2 1 1 1 1   19.0
2 0 2 1 1 1 2   29.0
2 0 2 1 1 2 0   10.0
2 0 2 1 1 2 1   4.0
2 0 2 1 1 2 2   9.0
2 0 2 1 2 0 0   33.0
2 0 2 1 2 0 1   70.0
2 0 2 1 2 0 2   48.0
2 0 2 1 2 1 0   24.0
2 0 2 1 2 1 1   62.0
2 0 2 1 2 1 2   34.0
2 0 2 1 2 2 0   9.0
2 0 2 1 2 2 1   11.0
2 0 2 1 2 2 2   7.0
2 0 2 2 0 0 0   2.0
2 0 2 2 0 0 1   22.0
2 0 2 2 0 0 2   42.0
2 0 2 2 0 1 0   6.0
2 0 2 2 0 1 1   20.0
2 0 2 2 0 1 2   82.0
2 0 2 2 0 2 1   7.0
2 0 2 2 0 2 2   25.0
2 0 2 2 1 0 0   2.0
2 0 2 2 1 0 1   30.0
2 0 2 2 1 0 2   64.0
2 0 2 2 1 1 0   5.0
2 0 2 2 1 1 1   16.0
2 0 2 2 1 1 2   90.0
2 0 2 2 1 2 1   12.0
2 0 2 2 1 2 2   17.0
2 0 2 2 2 0 0   11.0
2 0 2 2 2 0 1   80.0
2 0 2 2 2 0 2   148.0
2 0 2 2 2 1 0   5.0
2 0 2 2 2 1 1   73.0
2 0 2 2 2 1 2   124.0
2 0 2 2 2 2 0   2.0
2 0 2 2 2 2 1   20.0
2 0 2 2 2 2 2   36.0
2 1 0 0 0 0 0   6.0
2 1 0 0 0 0 1   5.0
2 1 0 0 0 0 2   2.0
2 1 0 0 0 1 0   16.0
2 1 0 0 0 1 1   6.0
2 1 0 0 0 1 2   5.0
2 1 0 0 0 2 0   7.0
2 1 0 0 0 2 1   1.0
2 1 0 0 0 2 2   1.0
2 1 0 0 1 0 0   8.0
2 1 0 0 1 0 1   9.0
2 1 0 0 1 0 2   6.0
2 1 0 0 1 1 0   20.0
2 1 0 0 1 1 1   5.0
2 1 0 0 1 1 2   7.0
2 1 0 0 1 2 0   4.0
2 1 0 0 1 2 1   4.0
2 1 0 0 1 2 2   2.0
2 1 0 0 2 0 0   24.0
2 1 0 0 2 0 1   30.0
2 1 0 0 2 0 2   3.0
2 1 0 0 2 1 0   20.0
2 1 0 0 2 1 1   15.0
2 1 0 0 2 1 2   7.0
2 1 0 0 2 2 0   4.0
2 1 0 0 2 2 1   7.0
2 1 0 0 2 2 2   5.0
2 1 0 1 0 0 0   3.0
2 1 0 1 0 0 1   4.0
2 1 0 1 0 0 2   2.0
2 1 0 1 0 1 0   13.0
2 1 0 1 0 1 1   14.0
2 1 0 1 0 1 2   9.0
2 1 0 1 0 2 0   4.0
2 1 0 1 0 2 1   2.0
2 1 0 1 0 2 2   3.0
2 1 0 1 1 0 0   3.0
2 1 0 1 1 0 1   18.0
2 1 0 1 1 0 2   7.0
2 1 0 1 1 1 0   13.0
2 1 0 1 1 1 1   10.0
2 1 0 1 1 1 2   12.0
2 1 0 1 1 2 0   2.0
2 1 0 1 1 2 1   2.0
2 1 0 1 1 2 2   2.0
2 1 0 1 2 0 0   12.0
2 1 0 1 2 0 1   26.0
2 1 0 1 2 0 2   13.0
2 1 0 1 2 1 0   1.0
2 1 0 1 2 1 1   28.0
2 1 0 1 2 1 2   18.0
2 1 0 1 2 2 0   4.0
2 1 0 1 2 2 1   5.0
2 1 0 1 2 2 2   5.0
2 1 0 2 0 0 1   6.0
2 1 0 2 0 0 2   20.0
2 1 0 2 0 1 0   1.0
2 1 0 2 0 1 1   8.0
2 1 0 2 0 1 2   39.0
2 1 0 2 0 2 1   3.0
2 1 0 2 0 2 2   5.0
2 1 0 2 1 0 0   1.0
2 1 0 2 1 0 1   11.0
2 1 0 2 1 0 2   30.0
2 1 0 2 1 1 0   1.0
2 1 0 2 1 1 1   11.0
2 1 0 2 1 1 2   37.0
2 1 0 2 1 2 1   2.0
2 1 0 2 1 2 2   9.0
2 1 0 2 2 0 0   2.0
2 1 0 2 2 0 1   30.0
2 1 0 2 2 0 2   55.0
2 1 0 2 2 1 0   1.0
2 1 0 2 2 1 1   25.0
2 1 0 2 2 1 2   51.0
2 1 0 2 2 2 1   8.0
2 1 0 2 2 2 2   21.0
2 1 1 0 0 0 0   26.0
2 1 1 0 0 0 1   21.0
2 1 1 0 0 0 2   8.0
2 1 1 0 0 1 0   48.0
2 1 1 0 0 1 1   20.0
2 1 1 0 0 1 2   12.0
2 1 1 0 0 2 0   13.0
2 1 1 0 0 2 1   4.0
2 1 1 0 0 2 2   4.0
2 1 1 0 1 0 0   34.0
2 1 1 0 1 0 1   27.0
2 1 1 0 1 0 2   7.0
2 1 1 0 1 1 0   58.0
2 1 1 0 1 1 1   34.0
2 1 1 0 1 1 2   16.0
2 1 1 0 1 2 0   15.0
2 1 1 0 1 2 1   6.0
2 1 1 0 1 2 2   8.0
2 1 1 0 2 0 0   63.0
2 1 1 0 2 0 1   72.0
2 1 1 0 2 0 2   23.0
2 1 1 0 2 1 0   45.0
2 1 1 0 2 1 1   52.0
2 1 1 0 2 1 2   14.0
2 1 1 0 2 2 0   19.0
2 1 1 0 2 2 1   15.0
2 1 1 0 2 2 2   5.0
2 1 1 1 0 0 0   12.0
2 1 1 1 0 0 1   17.0
2 1 1 1 0 0 2   15.0
2 1 1 1 0 1 0   34.0
2 1 1 1 0 1 1   15.0
2 1 1 1 0 1 2   27.0
2 1 1 1 0 2 0   5.0
2 1 1 1 0 2 1   2.0
2 1 1 1 0 2 2   2.0
2 1 1 1 1 0 0   7.0
2 1 1 1 1 0 1   30.0
2 1 1 1 1 0 2   24.0
2 1 1 1 1 1 0   38.0
2 1 1 1 1 1 1   40.0
2 1 1 1 1 1 2   22.0
2 1 1 1 1 2 0   12.0
2 1 1 1 1 2 1   12.0
2 1 1 1 1 2 2   7.0
2 1 1 1 2 0 0   34.0
2 1 1 1 2 0 1   73.0
2 1 1 1 2 0 2   46.0
2 1 1 1 2 1 0   25.0
2 1 1 1 2 1 1   75.0
2 1 1 1 2 1 2   35.0
2 1 1 1 2 2 0   15.0
2 1 1 1 2 2 1   20.0
2 1 1 1 2 2 2   10.0
2 1 1 2 0 0 0   2.0
2 1 1 2 0 0 1   23.0
2 1 1 2 0 0 2   42.0
2 1 1 2 0 1 0   6.0
2 1 1 2 0 1 1   26.0
2 1 1 2 0 1 2   93.0
2 1 1 2 0 2 0   2.0
2 1 1 2 0 2 1   1.0
2 1 1 2 0 2 2   25.0
2 1 1 2 1 0 0   7.0
2 1 1 2 1 0 1   35.0
2 1 1 2 1 0 2   76.0
2 1 1 2 1 1 0   5.0
2 1 1 2 1 1 1   48.0
2 1 1 2 1 1 2   108.0
2 1 1 2 1 2 1   7.0
2 1 1 2 1 2 2   31.0
2 1 1 2 2 0 0   7.0
2 1 1 2 2 0 1   82.0
2 1 1 2 2 0 2   192.0
2 1 1 2 2 1 0   3.0
2 1 1 2 2 1 1   59.0
2 1 1 2 2 1 2   150.0
2 1 1 2 2 2 0   3.0
2 1 1 2 2 2 1   20.0
2 1 1 2 2 2 2   51.0
2 1 2 0 0 0 0   28.0
2 1 2 0 0 0 1   15.0
2 1 2 0 0 0 2   4.0
2 1 2 0 0 1 0   87.0
2 1 2 0 0 1 1   21.0
2 1 2 0 0 1 2   10.0
2 1 2 0 0 2 0   24.0
2 1 2 0 0 2 1   6.0
2 1 2 0 0 2 2   3.0
2 1 2 0 1 0 0   25.0
2 1 2 0 1 0 1   29.0
2 1 2 0 1 0 2   4.0
2 1 2 0 1 1 0   78.0
2 1 2 0 1 1 1   32.0
2 1 2 0 1 1 2   6.0
2 1 2 0 1 2 0   21.0
2 1 2 0 1 2 1   8.0
2 1 2 0 1 2 2   2.0
2 1 2 0 2 0 0   68.0
2 1 2 0 2 0 1   73.0
2 1 2 0 2 0 2   20.0
2 1 2 0 2 1 0   40.0
2 1 2 0 2 1 1   81.0
2 1 2 0 2 1 2   19.0
2 1 2 0 2 2 0   19.0
2 1 2 0 2 2 1   17.0
2 1 2 0 2 2 2   5.0
2 1 2 1 0 0 0   19.0
2 1 2 1 0 0 1   18.0
2 1 2 1 0 0 2   11.0
2 1 2 1 0 1 0   44.0
2 1 2 1 0 1 1   21.0
2 1 2 1 0 1 2   24.0
2 1 2 1 0 2 0   10.0
2 1 2 1 0 2 1   10.0
2 1 2 1 0 2 2   8.0
2 1 2 1 1 0 0   24.0
2 1 2 1 1 0 1   36.0
2 1 2 1 1 0 2   22.0
2 1 2 1 1 1 0   44.0
2 1 2 1 1 1 1   38.0
2 1 2 1 1 1 2   20.0
2 1 2 1 1 2 0   19.0
2 1 2 1 1 2 1   7.0
2 1 2 1 1 2 2   7.0
2 1 2 1 2 0 0   38.0
2 1 2 1 2 0 1   90.0
2 1 2 1 2 0 2   32.0
2 1 2 1 2 1 0   28.0
2 1 2 1 2 1 1   55.0
2 1 2 1 2 1 2   32.0
2 1 2 1 2 2 0   19.0
2 1 2 1 2 2 1   14.0
2 1 2 1 2 2 2   11.0
2 1 2 2 0 0 0   4.0
2 1 2 2 0 0 1   18.0
2 1 2 2 0 0 2   66.0
2 1 2 2 0 1 0   7.0
2 1 2 2 0 1 1   22.0
2 1 2 2 0 1 2   96.0
2 1 2 2 0 2 0   2.0
2 1 2 2 0 2 1   6.0
2 1 2 2 0 2 2   31.0
2 1 2 2 1 0 0   2.0
2 1 2 2 1 0 1   29.0
2 1 2 2 1 0 2   69.0
2 1 2 2 1 1 0   8.0
2 1 2 2 1 1 1   37.0
2 1 2 2 1 1 2   98.0
2 1 2 2 1 2 0   2.0
2 1 2 2 1 2 1   10.0
2 1 2 2 1 2 2   31.0
2 1 2 2 2 0 0   8.0
2 1 2 2 2 0 1   98.0
2 1 2 2 2 0 2   157.0
2 1 2 2 2 1 0   3.0
2 1 2 2 2 1 1   76.0
2 1 2 2 2 1 2   116.0
2 1 2 2 2 2 0   2.0
2 1 2 2 2 2 1   20.0
2 1 2 2 2 2 2   39.0
2 2 0 0 0 0 0   12.0
2 2 0 0 0 0 1   10.0
2 2 0 0 0 0 2   4.0
2 2 0 0 0 1 0   34.0
2 2 0 0 0 1 1   12.0
2 2 0 0 0 1 2   6.0
2 2 0 0 0 2 0   13.0
2 2 0 0 0 2 1   4.0
2 2 0 0 1 0 0   11.0
2 2 0 0 1 0 1   17.0
2 2 0 0 1 0 2   5.0
2 2 0 0 1 1 0   28.0
2 2 0 0 1 1 1   17.0
2 2 0 0 1 1 2   10.0
2 2 0 0 1 2 0   7.0
2 2 0 0 1 2 1   6.0
2 2 0 0 1 2 2   4.0
2 2 0 0 2 0 0   26.0
2 2 0 0 2 0 1   42.0
2 2 0 0 2 0 2   4.0
2 2 0 0 2 1 0   15.0
2 2 0 0 2 1 1   19.0
2 2 0 0 2 1 2   9.0
2 2 0 0 2 2 0   5.0
2 2 0 0 2 2 1   4.0
2 2 0 0 2 2 2   1.0
2 2 0 1 0 0 0   3.0
2 2 0 1 0 0 1   15.0
2 2 0 1 0 0 2   7.0
2 2 0 1 0 1 0   16.0
2 2 0 1 0 1 1   11.0
2 2 0 1 0 1 2   9.0
2 2 0 1 0 2 0   7.0
2 2 0 1 0 2 1   1.0
2 2 0 1 0 2 2   4.0
2 2 0 1 1 0 0   7.0
2 2 0 1 1 0 1   17.0
2 2 0 1 1 0 2   9.0
2 2 0 1 1 1 0   23.0
2 2 0 1 1 1 1   22.0
2 2 0 1 1 1 2   14.0
2 2 0 1 1 2 0   5.0
2 2 0 1 1 2 1   7.0
2 2 0 1 1 2 2   1.0
2 2 0 1 2 0 0   27.0
2 2 0 1 2 0 1   32.0
2 2 0 1 2 0 2   26.0
2 2 0 1 2 1 0   13.0
2 2 0 1 2 1 1   21.0
2 2 0 1 2 1 2   18.0
2 2 0 1 2 2 0   9.0
2 2 0 1 2 2 1   13.0
2 2 0 1 2 2 2   2.0
2 2 0 2 0 0 0   3.0
2 2 0 2 0 0 1   12.0
2 2 0 2 0 0 2   35.0
2 2 0 2 0 1 0   1.0
2 2 0 2 0 1 1   16.0
2 2 0 2 0 1 2   43.0
2 2 0 2 0 2 0   1.0
2 2 0 2 0 2 2   12.0
2 2 0 2 1 0 0   3.0
2 2 0 2 1 0 1   20.0
2 2 0 2 1 0 2   34.0
2 2 0 2 1 1 0   1.0
2 2 0 2 1 1 1   15.0
2 2 0 2 1 1 2   52.0
2 2 0 2 1 2 0   1.0
2 2 0 2 1 2 1   4.0
2 2 0 2 1 2 2   13.0
2 2 0 2 2 0 0   3.0
2 2 0 2 2 0 1   43.0
2 2 0 2 2 0 2   80.0
2 2 0 2 2 1 0   1.0
2 2 0 2 2 1 1   42.0
2 2 0 2 2 1 2   57.0
2 2 0 2 2 2 0   1.0
2 2 0 2 2 2 1   17.0
2 2 0 2 2 2 2   23.0
2 2 1 0 0 0 0   21.0
2 2 1 0 0 0 1   12.0
2 2 1 0 0 0 2   3.0
2 2 1 0 0 1 0   48.0
2 2 1 0 0 1 1   17.0
2 2 1 0 0 1 2   12.0
2 2 1 0 0 2 0   19.0
2 2 1 0 0 2 2   1.0
2 2 1 0 1 0 0   18.0
2 2 1 0 1 0 1   23.0
2 2 1 0 1 0 2   4.0
2 2 1 0 1 1 0   44.0
2 2 1 0 1 1 1   18.0
2 2 1 0 1 1 2   8.0
2 2 1 0 1 2 0   10.0
2 2 1 0 1 2 1   1.0
2 2 1 0 1 2 2   3.0
2 2 1 0 2 0 0   49.0
2 2 1 0 2 0 1   53.0
2 2 1 0 2 0 2   11.0
2 2 1 0 2 1 0   30.0
2 2 1 0 2 1 1   54.0
2 2 1 0 2 1 2   15.0
2 2 1 0 2 2 0   17.0
2 2 1 0 2 2 1   12.0
2 2 1 0 2 2 2   7.0
2 2 1 1 0 0 0   10.0
2 2 1 1 0 0 1   11.0
2 2 1 1 0 0 2   13.0
2 2 1 1 0 1 0   35.0
2 2 1 1 0 1 1   17.0
2 2 1 1 0 1 2   21.0
2 2 1 1 0 2 0   10.0
2 2 1 1 0 2 1   10.0
2 2 1 1 0 2 2   10.0
2 2 1 1 1 0 0   19.0
2 2 1 1 1 0 1   32.0
2 2 1 1 1 0 2   19.0
2 2 1 1 1 1 0   38.0
2 2 1 1 1 1 1   23.0
2 2 1 1 1 1 2   19.0
2 2 1 1 1 2 0   4.0
2 2 1 1 1 2 1   4.0
2 2 1 1 1 2 2   2.0
2 2 1 1 2 0 0   36.0
2 2 1 1 2 0 1   46.0
2 2 1 1 2 0 2   42.0
2 2 1 1 2 1 0   24.0
2 2 1 1 2 1 1   40.0
2 2 1 1 2 1 2   38.0
2 2 1 1 2 2 0   7.0
2 2 1 1 2 2 1   14.0
2 2 1 1 2 2 2   14.0
2 2 1 2 0 0 0   1.0
2 2 1 2 0 0 1   13.0
2 2 1 2 0 0 2   33.0
2 2 1 2 0 1 0   6.0
2 2 1 2 0 1 1   16.0
2 2 1 2 0 1 2   77.0
2 2 1 2 0 2 0   1.0
2 2 1 2 0 2 1   5.0
2 2 1 2 0 2 2   17.0
2 2 1 2 1 0 0   3.0
2 2 1 2 1 0 1   26.0
2 2 1 2 1 0 2   57.0
2 2 1 2 1 1 0   3.0
2 2 1 2 1 1 1   21.0
2 2 1 2 1 1 2   86.0
2 2 1 2 1 2 1   13.0
2 2 1 2 1 2 2   30.0
2 2 1 2 2 0 0   7.0
2 2 1 2 2 0 1   54.0
2 2 1 2 2 0 2   133.0
2 2 1 2 2 1 0   3.0
2 2 1 2 2 1 1   51.0
2 2 1 2 2 1 2   112.0
2 2 1 2 2 2 0   2.0
2 2 1 2 2 2 1   16.0
2 2 1 2 2 2 2   30.0
2 2 2 0 0 0 0   31.0
2 2 2 0 0 0 1   18.0
2 2 2 0 0 0 2   5.0
2 2 2 0 0 1 0   92.0
2 2 2 0 0 1 1   28.0
2 2 2 0 0 1 2   11.0
2 2 2 0 0 2 0   25.0
2 2 2 0 0 2 1   12.0
2 2 2 0 0 2 2   3.0
2 2 2 0 1 0 0   39.0
2 2 2 0 1 0 1   44.0
2 2 2 0 1 0 2   10.0
2 2 2 0 1 1 0   80.0
2 2 2 0 1 1 1   43.0
2 2 2 0 1 1 2   16.0
2 2 2 0 1 2 0   22.0
2 2 2 0 1 2 1   8.0
2 2 2 0 1 2 2   3.0
2 2 2 0 2 0 0   83.0
2 2 2 0 2 0 1   76.0
2 2 2 0 2 0 2   27.0
2 2 2 0 2 1 0   69.0
2 2 2 0 2 1 1   85.0
2 2 2 0 2 1 2   12.0
2 2 2 0 2 2 0   21.0
2 2 2 0 2 2 1   21.0
2 2 2 0 2 2 2   10.0
2 2 2 1 0 0 0   19.0
2 2 2 1 0 0 1   32.0
2 2 2 1 0 0 2   16.0
2 2 2 1 0 1 0   57.0
2 2 2 1 0 1 1   30.0
2 2 2 1 0 1 2   33.0
2 2 2 1 0 2 0   14.0
2 2 2 1 0 2 1   6.0
2 2 2 1 0 2 2   6.0
2 2 2 1 1 0 0   26.0
2 2 2 1 1 0 1   39.0
2 2 2 1 1 0 2   22.0
2 2 2 1 1 1 0   50.0
2 2 2 1 1 1 1   51.0
2 2 2 1 1 1 2   35.0
2 2 2 1 1 2 0   9.0
2 2 2 1 1 2 1   9.0
2 2 2 1 1 2 2   11.0
2 2 2 1 2 0 0   59.0
2 2 2 1 2 0 1   79.0
2 2 2 1 2 0 2   58.0
2 2 2 1 2 1 0   45.0
2 2 2 1 2 1 1   81.0
2 2 2 1 2 1 2   37.0
2 2 2 1 2 2 0   12.0
2 2 2 1 2 2 1   21.0
2 2 2 1 2 2 2   18.0
2 2 2 2 0 0 0   1.0
2 2 2 2 0 0 1   21.0
2 2 2 2 0 0 2   53.0
2 2 2 2 0 1 0   10.0
2 2 2 2 0 1 1   29.0
2 2 2 2 0 1 2   120.0
2 2 2 2 0 2 0   1.0
2 2 2 2 0 2 1   7.0
2 2 2 2 0 2 2   24.0
2 2 2 2 1 0 0   4.0
2 2 2 2 1 0 1   47.0
2 2 2 2 1 0 2   64.0
2 2 2 2 1 1 0   4.0
2 2 2 2 1 1 1   38.0
2 2 2 2 1 1 2   112.0
2 2 2 2 1 2 0   4.0
2 2 2 2 1 2 1   7.0
2 2 2 2 1 2 2   34.0
2 2 2 2 2 0 0   10.0
2 2 2 2 2 0 1   116.0
2 2 2 2 2 0 2   206.0
2 2 2 2 2 1 0   11.0
2 2 2 2 2 1 1   68.0
2 2 2 2 2 1 2   158.0
2 2 2 2 2 2 0   2.0
2 2 2 2 2 2 1   31.0
2 2 2 2 2 2 2   49.0
//Total count: 50000.0
