//Data table Produced by the HNB package

Name: default.data

//Variables: name of variable followed by names of states
//           The last variable is the class variable
//            State names must start with English characters
v4: s0 s1 s2 
v6: s0 s1 s2 
v7: s0 s1 s2 
v2: s0 s1 s2 
v8: s0 s1 s2 
v9: s0 s1 s2 
v0: s0 s1 s2 

//Records: The last column contains frequencies.
//	        The second last column contain class labels
//	        0=First state, 1=second state, ...
//	        -1=missing value
0 0 0 0 0 0 0   3.0
0 0 0 0 0 0 1   1.0
0 0 0 0 0 1 0   7.0
0 0 0 0 0 1 1   4.0
0 0 0 0 0 2 0   3.0
0 0 0 0 0 2 1   1.0
0 0 0 0 1 0 0   7.0
0 0 0 0 1 0 1   5.0
0 0 0 0 1 1 0   12.0
0 0 0 0 1 1 1   11.0
0 0 0 0 1 1 2   1.0
0 0 0 0 1 2 0   2.0
0 0 0 0 1 2 1   2.0
0 0 0 0 2 0 0   10.0
0 0 0 0 2 0 1   13.0
0 0 0 0 2 1 0   11.0
0 0 0 0 2 1 1   15.0
0 0 0 0 2 1 2   1.0
0 0 0 0 2 2 0   8.0
0 0 0 0 2 2 1   6.0
0 0 0 1 0 0 0   2.0
0 0 0 1 0 0 1   2.0
0 0 0 1 0 0 2   1.0
0 0 0 1 0 1 0   7.0
0 0 0 1 0 1 1   2.0
0 0 0 1 0 1 2   4.0
0 0 0 1 0 2 0   2.0
0 0 0 1 0 2 1   4.0
0 0 0 1 0 2 2   1.0
0 0 0 1 1 0 0   1.0
0 0 0 1 1 0 1   3.0
0 0 0 1 1 1 0   6.0
0 0 0 1 1 1 1   5.0
0 0 0 1 1 1 2   3.0
0 0 0 1 1 2 1   2.0
0 0 0 1 2 0 0   13.0
0 0 0 1 2 0 1   12.0
0 0 0 1 2 0 2   4.0
0 0 0 1 2 1 0   5.0
0 0 0 1 2 1 1   7.0
0 0 0 1 2 1 2   5.0
0 0 0 1 2 2 0   2.0
0 0 0 1 2 2 1   7.0
0 0 0 1 2 2 2   4.0
0 0 0 2 0 0 2   3.0
0 0 0 2 0 1 0   3.0
0 0 0 2 0 1 1   3.0
0 0 0 2 0 1 2   7.0
0 0 0 2 0 2 0   1.0
0 0 0 2 0 2 2   4.0
0 0 0 2 1 0 1   6.0
0 0 0 2 1 0 2   8.0
0 0 0 2 1 1 0   2.0
0 0 0 2 1 1 1   3.0
0 0 0 2 1 1 2   3.0
0 0 0 2 1 2 1   2.0
0 0 0 2 1 2 2   1.0
0 0 0 2 2 0 1   10.0
0 0 0 2 2 0 2   19.0
0 0 0 2 2 1 0   1.0
0 0 0 2 2 1 1   10.0
0 0 0 2 2 1 2   9.0
0 0 0 2 2 2 1   4.0
0 0 0 2 2 2 2   2.0
0 0 1 0 0 1 0   3.0
0 0 1 0 1 0 0   2.0
0 0 1 0 1 2 1   1.0
0 0 1 0 2 0 0   1.0
0 0 1 0 2 0 1   3.0
0 0 1 0 2 1 0   2.0
0 0 1 0 2 1 1   2.0
0 0 1 1 0 1 0   1.0
0 0 1 1 1 0 0   1.0
0 0 1 1 1 1 1   1.0
0 0 1 1 1 1 2   1.0
0 0 1 1 2 0 0   3.0
0 0 1 1 2 0 1   3.0
0 0 1 1 2 1 0   2.0
0 0 1 1 2 1 1   1.0
0 0 1 1 2 2 1   3.0
0 0 1 2 0 0 2   2.0
0 0 1 2 0 1 1   1.0
0 0 1 2 0 2 2   1.0
0 0 1 2 1 0 1   2.0
0 0 1 2 1 1 0   1.0
0 0 1 2 1 1 1   1.0
0 0 1 2 1 1 2   1.0
0 0 1 2 2 0 1   3.0
0 0 1 2 2 1 1   1.0
0 0 1 2 2 1 2   1.0
0 0 1 2 2 2 2   1.0
0 0 2 0 0 0 0   9.0
0 0 2 0 0 0 1   5.0
0 0 2 0 0 0 2   1.0
0 0 2 0 0 1 0   23.0
0 0 2 0 0 1 1   9.0
0 0 2 0 0 1 2   2.0
0 0 2 0 0 2 0   3.0
0 0 2 0 0 2 1   4.0
0 0 2 0 1 0 0   8.0
0 0 2 0 1 0 1   8.0
0 0 2 0 1 0 2   3.0
0 0 2 0 1 1 0   21.0
0 0 2 0 1 1 1   8.0
0 0 2 0 1 1 2   3.0
0 0 2 0 1 2 0   6.0
0 0 2 0 1 2 1   4.0
0 0 2 0 2 0 0   27.0
0 0 2 0 2 0 1   17.0
0 0 2 0 2 0 2   1.0
0 0 2 0 2 1 0   11.0
0 0 2 0 2 1 1   21.0
0 0 2 0 2 1 2   3.0
0 0 2 0 2 2 0   9.0
0 0 2 0 2 2 1   6.0
0 0 2 0 2 2 2   1.0
0 0 2 1 0 0 0   6.0
0 0 2 1 0 0 1   10.0
0 0 2 1 0 0 2   3.0
0 0 2 1 0 1 0   11.0
0 0 2 1 0 1 1   3.0
0 0 2 1 0 1 2   3.0
0 0 2 1 0 2 0   1.0
0 0 2 1 0 2 1   3.0
0 0 2 1 0 2 2   2.0
0 0 2 1 1 0 0   3.0
0 0 2 1 1 0 1   8.0
0 0 2 1 1 0 2   4.0
0 0 2 1 1 1 0   14.0
0 0 2 1 1 1 1   13.0
0 0 2 1 1 1 2   2.0
0 0 2 1 1 2 0   1.0
0 0 2 1 1 2 1   4.0
0 0 2 1 1 2 2   1.0
0 0 2 1 2 0 0   12.0
0 0 2 1 2 0 1   19.0
0 0 2 1 2 0 2   8.0
0 0 2 1 2 1 0   7.0
0 0 2 1 2 1 1   23.0
0 0 2 1 2 1 2   6.0
0 0 2 1 2 2 0   5.0
0 0 2 1 2 2 1   8.0
0 0 2 1 2 2 2   3.0
0 0 2 2 0 0 0   1.0
0 0 2 2 0 0 1   7.0
0 0 2 2 0 0 2   3.0
0 0 2 2 0 1 0   2.0
0 0 2 2 0 1 1   5.0
0 0 2 2 0 1 2   16.0
0 0 2 2 0 2 1   2.0
0 0 2 2 0 2 2   5.0
0 0 2 2 1 0 0   3.0
0 0 2 2 1 0 1   11.0
0 0 2 2 1 0 2   8.0
0 0 2 2 1 1 0   2.0
0 0 2 2 1 1 1   11.0
0 0 2 2 1 1 2   20.0
0 0 2 2 1 2 0   1.0
0 0 2 2 1 2 1   6.0
0 0 2 2 1 2 2   3.0
0 0 2 2 2 0 0   2.0
0 0 2 2 2 0 1   26.0
0 0 2 2 2 0 2   33.0
0 0 2 2 2 1 0   2.0
0 0 2 2 2 1 1   24.0
0 0 2 2 2 1 2   24.0
0 0 2 2 2 2 1   8.0
0 0 2 2 2 2 2   10.0
0 1 0 0 0 0 0   4.0
0 1 0 0 0 0 1   1.0
0 1 0 0 0 0 2   1.0
0 1 0 0 0 1 0   4.0
0 1 0 0 0 1 1   1.0
0 1 0 0 0 1 2   2.0
0 1 0 0 0 2 0   1.0
0 1 0 0 0 2 2   1.0
0 1 0 0 1 0 1   1.0
0 1 0 0 1 1 0   8.0
0 1 0 0 1 1 1   2.0
0 1 0 0 1 1 2   1.0
0 1 0 0 1 2 1   1.0
0 1 0 0 1 2 2   1.0
0 1 0 0 2 0 0   4.0
0 1 0 0 2 0 1   4.0
0 1 0 0 2 1 0   4.0
0 1 0 0 2 1 1   4.0
0 1 0 0 2 1 2   2.0
0 1 0 0 2 2 0   2.0
0 1 0 0 2 2 1   1.0
0 1 0 1 0 0 0   2.0
0 1 0 1 0 0 1   2.0
0 1 0 1 0 1 0   6.0
0 1 0 1 0 1 2   1.0
0 1 0 1 0 2 0   1.0
0 1 0 1 0 2 1   2.0
0 1 0 1 1 0 0   3.0
0 1 0 1 1 0 1   2.0
0 1 0 1 1 1 0   1.0
0 1 0 1 1 1 1   3.0
0 1 0 1 1 1 2   4.0
0 1 0 1 1 2 2   2.0
0 1 0 1 2 0 0   3.0
0 1 0 1 2 0 1   5.0
0 1 0 1 2 0 2   3.0
0 1 0 1 2 1 0   3.0
0 1 0 1 2 1 1   4.0
0 1 0 1 2 1 2   4.0
0 1 0 1 2 2 1   2.0
0 1 0 2 0 0 1   2.0
0 1 0 2 0 0 2   4.0
0 1 0 2 0 1 1   5.0
0 1 0 2 0 1 2   8.0
0 1 0 2 0 2 1   1.0
0 1 0 2 0 2 2   2.0
0 1 0 2 1 0 1   4.0
0 1 0 2 1 0 2   4.0
0 1 0 2 1 1 0   3.0
0 1 0 2 1 1 1   1.0
0 1 0 2 1 1 2   12.0
0 1 0 2 1 2 2   2.0
0 1 0 2 2 0 0   2.0
0 1 0 2 2 0 1   4.0
0 1 0 2 2 0 2   17.0
0 1 0 2 2 1 0   1.0
0 1 0 2 2 1 1   5.0
0 1 0 2 2 1 2   7.0
0 1 0 2 2 2 1   2.0
0 1 0 2 2 2 2   4.0
0 1 1 0 0 0 0   7.0
0 1 1 0 0 0 1   3.0
0 1 1 0 0 1 0   12.0
0 1 1 0 0 1 1   4.0
0 1 1 0 0 1 2   2.0
0 1 1 0 0 2 0   5.0
0 1 1 0 1 0 0   11.0
0 1 1 0 1 0 1   8.0
0 1 1 0 1 0 2   2.0
0 1 1 0 1 1 0   12.0
0 1 1 0 1 1 1   8.0
0 1 1 0 1 1 2   2.0
0 1 1 0 1 2 0   8.0
0 1 1 0 1 2 1   3.0
0 1 1 0 2 0 0   21.0
0 1 1 0 2 0 1   15.0
0 1 1 0 2 0 2   3.0
0 1 1 0 2 1 0   11.0
0 1 1 0 2 1 1   19.0
0 1 1 0 2 1 2   3.0
0 1 1 0 2 2 0   7.0
0 1 1 0 2 2 1   4.0
0 1 1 1 0 0 0   2.0
0 1 1 1 0 0 1   5.0
0 1 1 1 0 0 2   4.0
0 1 1 1 0 1 0   12.0
0 1 1 1 0 1 1   6.0
0 1 1 1 0 1 2   5.0
0 1 1 1 0 2 0   5.0
0 1 1 1 0 2 1   2.0
0 1 1 1 0 2 2   3.0
0 1 1 1 1 0 0   7.0
0 1 1 1 1 0 1   7.0
0 1 1 1 1 0 2   3.0
0 1 1 1 1 1 0   7.0
0 1 1 1 1 1 1   9.0
0 1 1 1 1 1 2   1.0
0 1 1 1 1 2 0   4.0
0 1 1 1 1 2 1   2.0
0 1 1 1 1 2 2   2.0
0 1 1 1 2 0 0   15.0
0 1 1 1 2 0 1   19.0
0 1 1 1 2 0 2   10.0
0 1 1 1 2 1 0   6.0
0 1 1 1 2 1 1   14.0
0 1 1 1 2 1 2   7.0
0 1 1 1 2 2 0   4.0
0 1 1 1 2 2 1   3.0
0 1 1 1 2 2 2   2.0
0 1 1 2 0 0 1   10.0
0 1 1 2 0 0 2   7.0
0 1 1 2 0 1 0   1.0
0 1 1 2 0 1 1   6.0
0 1 1 2 0 1 2   24.0
0 1 1 2 0 2 0   1.0
0 1 1 2 0 2 1   1.0
0 1 1 2 0 2 2   2.0
0 1 1 2 1 0 1   6.0
0 1 1 2 1 0 2   16.0
0 1 1 2 1 1 0   3.0
0 1 1 2 1 1 1   6.0
0 1 1 2 1 1 2   19.0
0 1 1 2 1 2 0   1.0
0 1 1 2 1 2 1   2.0
0 1 1 2 1 2 2   5.0
0 1 1 2 2 0 0   6.0
0 1 1 2 2 0 1   32.0
0 1 1 2 2 0 2   45.0
0 1 1 2 2 1 0   1.0
0 1 1 2 2 1 1   6.0
0 1 1 2 2 1 2   23.0
0 1 1 2 2 2 0   1.0
0 1 1 2 2 2 1   6.0
0 1 1 2 2 2 2   14.0
0 1 2 0 0 0 0   13.0
0 1 2 0 0 0 1   10.0
0 1 2 0 0 0 2   1.0
0 1 2 0 0 1 0   32.0
0 1 2 0 0 1 1   4.0
0 1 2 0 0 2 0   7.0
0 1 2 0 0 2 1   2.0
0 1 2 0 0 2 2   1.0
0 1 2 0 1 0 0   10.0
0 1 2 0 1 0 1   12.0
0 1 2 0 1 1 0   21.0
0 1 2 0 1 1 1   11.0
0 1 2 0 1 1 2   2.0
0 1 2 0 1 2 0   9.0
0 1 2 0 1 2 1   3.0
0 1 2 0 2 0 0   21.0
0 1 2 0 2 0 1   30.0
0 1 2 0 2 0 2   3.0
0 1 2 0 2 1 0   21.0
0 1 2 0 2 1 1   21.0
0 1 2 0 2 1 2   3.0
0 1 2 0 2 2 0   6.0
0 1 2 0 2 2 1   9.0
0 1 2 0 2 2 2   2.0
0 1 2 1 0 0 0   5.0
0 1 2 1 0 0 1   10.0
0 1 2 1 0 0 2   2.0
0 1 2 1 0 1 0   15.0
0 1 2 1 0 1 1   12.0
0 1 2 1 0 1 2   5.0
0 1 2 1 0 2 0   7.0
0 1 2 1 0 2 1   1.0
0 1 2 1 0 2 2   2.0
0 1 2 1 1 0 0   4.0
0 1 2 1 1 0 1   10.0
0 1 2 1 1 0 2   2.0
0 1 2 1 1 1 0   18.0
0 1 2 1 1 1 1   7.0
0 1 2 1 1 1 2   8.0
0 1 2 1 1 2 1   5.0
0 1 2 1 1 2 2   1.0
0 1 2 1 2 0 0   24.0
0 1 2 1 2 0 1   22.0
0 1 2 1 2 0 2   6.0
0 1 2 1 2 1 0   13.0
0 1 2 1 2 1 1   24.0
0 1 2 1 2 1 2   7.0
0 1 2 1 2 2 0   2.0
0 1 2 1 2 2 1   5.0
0 1 2 1 2 2 2   3.0
0 1 2 2 0 0 1   10.0
0 1 2 2 0 0 2   7.0
0 1 2 2 0 1 0   7.0
0 1 2 2 0 1 1   6.0
0 1 2 2 0 1 2   17.0
0 1 2 2 0 2 0   1.0
0 1 2 2 0 2 1   4.0
0 1 2 2 0 2 2   7.0
0 1 2 2 1 0 0   1.0
0 1 2 2 1 0 1   9.0
0 1 2 2 1 0 2   14.0
0 1 2 2 1 1 0   4.0
0 1 2 2 1 1 1   11.0
0 1 2 2 1 1 2   13.0
0 1 2 2 1 2 1   3.0
0 1 2 2 1 2 2   5.0
0 1 2 2 2 0 0   5.0
0 1 2 2 2 0 1   29.0
0 1 2 2 2 0 2   33.0
0 1 2 2 2 1 0   1.0
0 1 2 2 2 1 1   23.0
0 1 2 2 2 1 2   24.0
0 1 2 2 2 2 0   2.0
0 1 2 2 2 2 1   6.0
0 1 2 2 2 2 2   8.0
0 2 0 0 0 0 0   3.0
0 2 0 0 0 0 1   4.0
0 2 0 0 0 0 2   1.0
0 2 0 0 0 1 0   9.0
0 2 0 0 0 1 1   6.0
0 2 0 0 0 2 0   2.0
0 2 0 0 0 2 1   2.0
0 2 0 0 1 0 0   5.0
0 2 0 0 1 0 1   6.0
0 2 0 0 1 0 2   1.0
0 2 0 0 1 1 0   9.0
0 2 0 0 1 1 1   5.0
0 2 0 0 1 1 2   1.0
0 2 0 0 2 0 0   9.0
0 2 0 0 2 0 1   12.0
0 2 0 0 2 0 2   2.0
0 2 0 0 2 1 0   7.0
0 2 0 0 2 1 1   8.0
0 2 0 0 2 2 0   2.0
0 2 0 0 2 2 1   4.0
0 2 0 1 0 0 0   3.0
0 2 0 1 0 0 1   2.0
0 2 0 1 0 0 2   2.0
0 2 0 1 0 1 0   7.0
0 2 0 1 0 1 1   4.0
0 2 0 1 0 1 2   1.0
0 2 0 1 0 2 1   1.0
0 2 0 1 1 0 0   1.0
0 2 0 1 1 0 1   2.0
0 2 0 1 1 1 0   5.0
0 2 0 1 1 1 1   2.0
0 2 0 1 1 1 2   3.0
0 2 0 1 1 2 1   1.0
0 2 0 1 2 0 0   9.0
0 2 0 1 2 0 1   14.0
0 2 0 1 2 0 2   4.0
0 2 0 1 2 1 0   4.0
0 2 0 1 2 1 1   10.0
0 2 0 1 2 1 2   3.0
0 2 0 1 2 2 0   2.0
0 2 0 1 2 2 1   3.0
0 2 0 1 2 2 2   2.0
0 2 0 2 0 0 0   1.0
0 2 0 2 0 0 1   3.0
0 2 0 2 0 0 2   10.0
0 2 0 2 0 1 1   3.0
0 2 0 2 0 1 2   9.0
0 2 0 2 0 2 0   1.0
0 2 0 2 0 2 1   1.0
0 2 0 2 0 2 2   3.0
0 2 0 2 1 0 1   5.0
0 2 0 2 1 0 2   6.0
0 2 0 2 1 1 1   2.0
0 2 0 2 1 1 2   10.0
0 2 0 2 1 2 1   1.0
0 2 0 2 1 2 2   1.0
0 2 0 2 2 0 0   1.0
0 2 0 2 2 0 1   14.0
0 2 0 2 2 0 2   10.0
0 2 0 2 2 1 1   10.0
0 2 0 2 2 1 2   8.0
0 2 0 2 2 2 1   6.0
0 2 0 2 2 2 2   4.0
0 2 1 0 0 0 0   6.0
0 2 1 0 0 0 1   10.0
0 2 1 0 0 1 0   14.0
0 2 1 0 0 1 1   3.0
0 2 1 0 0 1 2   1.0
0 2 1 0 0 2 0   4.0
0 2 1 0 0 2 1   3.0
0 2 1 0 0 2 2   2.0
0 2 1 0 1 0 0   8.0
0 2 1 0 1 0 1   5.0
0 2 1 0 1 0 2   2.0
0 2 1 0 1 1 0   11.0
0 2 1 0 1 1 1   9.0
0 2 1 0 1 2 0   4.0
0 2 1 0 1 2 1   1.0
0 2 1 0 1 2 2   1.0
0 2 1 0 2 0 0   12.0
0 2 1 0 2 0 1   15.0
0 2 1 0 2 0 2   3.0
0 2 1 0 2 1 0   12.0
0 2 1 0 2 1 1   8.0
0 2 1 0 2 1 2   1.0
0 2 1 0 2 2 0   6.0
0 2 1 0 2 2 1   6.0
0 2 1 1 0 0 0   4.0
0 2 1 1 0 0 1   3.0
0 2 1 1 0 0 2   4.0
0 2 1 1 0 1 0   4.0
0 2 1 1 0 1 1   7.0
0 2 1 1 0 1 2   4.0
0 2 1 1 0 2 0   5.0
0 2 1 1 0 2 1   2.0
0 2 1 1 0 2 2   2.0
0 2 1 1 1 0 0   4.0
0 2 1 1 1 0 1   5.0
0 2 1 1 1 0 2   3.0
0 2 1 1 1 1 0   10.0
0 2 1 1 1 1 1   3.0
0 2 1 1 1 1 2   4.0
0 2 1 1 1 2 0   1.0
0 2 1 1 1 2 1   1.0
0 2 1 1 2 0 0   5.0
0 2 1 1 2 0 1   13.0
0 2 1 1 2 0 2   4.0
0 2 1 1 2 1 0   5.0
0 2 1 1 2 1 1   19.0
0 2 1 1 2 1 2   2.0
0 2 1 1 2 2 0   2.0
0 2 1 1 2 2 1   6.0
0 2 1 1 2 2 2   4.0
0 2 1 2 0 0 0   1.0
0 2 1 2 0 0 1   6.0
0 2 1 2 0 0 2   2.0
0 2 1 2 0 1 0   1.0
0 2 1 2 0 1 1   4.0
0 2 1 2 0 1 2   9.0
0 2 1 2 0 2 0   2.0
0 2 1 2 0 2 1   2.0
0 2 1 2 0 2 2   6.0
0 2 1 2 1 0 1   8.0
0 2 1 2 1 0 2   15.0
0 2 1 2 1 1 0   1.0
0 2 1 2 1 1 1   7.0
0 2 1 2 1 1 2   18.0
0 2 1 2 1 2 1   1.0
0 2 1 2 1 2 2   2.0
0 2 1 2 2 0 1   24.0
0 2 1 2 2 0 2   20.0
0 2 1 2 2 1 1   14.0
0 2 1 2 2 1 2   21.0
0 2 1 2 2 2 1   4.0
0 2 1 2 2 2 2   5.0
0 2 2 0 0 0 0   9.0
0 2 2 0 0 0 1   10.0
0 2 2 0 0 1 0   22.0
0 2 2 0 0 1 1   8.0
0 2 2 0 0 1 2   2.0
0 2 2 0 0 2 0   14.0
0 2 2 0 0 2 1   2.0
0 2 2 0 1 0 0   11.0
0 2 2 0 1 0 1   12.0
0 2 2 0 1 0 2   3.0
0 2 2 0 1 1 0   41.0
0 2 2 0 1 1 1   13.0
0 2 2 0 1 2 0   10.0
0 2 2 0 1 2 1   3.0
0 2 2 0 2 0 0   35.0
0 2 2 0 2 0 1   31.0
0 2 2 0 2 0 2   6.0
0 2 2 0 2 1 0   17.0
0 2 2 0 2 1 1   27.0
0 2 2 0 2 1 2   3.0
0 2 2 0 2 2 0   14.0
0 2 2 0 2 2 1   7.0
0 2 2 1 0 0 0   7.0
0 2 2 1 0 0 1   4.0
0 2 2 1 0 0 2   5.0
0 2 2 1 0 1 0   22.0
0 2 2 1 0 1 1   9.0
0 2 2 1 0 1 2   5.0
0 2 2 1 0 2 0   7.0
0 2 2 1 0 2 1   4.0
0 2 2 1 0 2 2   1.0
0 2 2 1 1 0 0   5.0
0 2 2 1 1 0 1   12.0
0 2 2 1 1 0 2   4.0
0 2 2 1 1 1 0   19.0
0 2 2 1 1 1 1   10.0
0 2 2 1 1 1 2   12.0
0 2 2 1 1 2 0   6.0
0 2 2 1 1 2 1   5.0
0 2 2 1 1 2 2   1.0
0 2 2 1 2 0 0   14.0
0 2 2 1 2 0 1   37.0
0 2 2 1 2 0 2   13.0
0 2 2 1 2 1 0   6.0
0 2 2 1 2 1 1   26.0
0 2 2 1 2 1 2   9.0
0 2 2 1 2 2 0   3.0
0 2 2 1 2 2 1   7.0
0 2 2 1 2 2 2   4.0
0 2 2 2 0 0 0   3.0
0 2 2 2 0 0 1   10.0
0 2 2 2 0 0 2   10.0
0 2 2 2 0 1 0   5.0
0 2 2 2 0 1 1   16.0
0 2 2 2 0 1 2   31.0
0 2 2 2 0 2 0   2.0
0 2 2 2 0 2 1   4.0
0 2 2 2 0 2 2   2.0
0 2 2 2 1 0 0   1.0
0 2 2 2 1 0 1   12.0
0 2 2 2 1 0 2   16.0
0 2 2 2 1 1 0   5.0
0 2 2 2 1 1 1   18.0
0 2 2 2 1 1 2   29.0
0 2 2 2 1 2 0   2.0
0 2 2 2 1 2 1   3.0
0 2 2 2 1 2 2   6.0
0 2 2 2 2 0 0   1.0
0 2 2 2 2 0 1   32.0
0 2 2 2 2 0 2   30.0
0 2 2 2 2 1 0   1.0
0 2 2 2 2 1 1   40.0
0 2 2 2 2 1 2   21.0
0 2 2 2 2 2 1   8.0
0 2 2 2 2 2 2   18.0
1 0 0 0 0 0 0   6.0
1 0 0 0 0 0 1   2.0
1 0 0 0 0 1 0   11.0
1 0 0 0 0 1 1   4.0
1 0 0 0 0 1 2   1.0
1 0 0 0 0 2 1   2.0
1 0 0 0 1 0 0   5.0
1 0 0 0 1 0 1   3.0
1 0 0 0 1 1 0   12.0
1 0 0 0 1 1 1   3.0
1 0 0 0 1 2 0   2.0
1 0 0 0 1 2 1   3.0
1 0 0 0 2 0 0   7.0
1 0 0 0 2 0 1   14.0
1 0 0 0 2 1 0   3.0
1 0 0 0 2 1 1   7.0
1 0 0 0 2 2 0   4.0
1 0 0 0 2 2 1   5.0
1 0 0 0 2 2 2   1.0
1 0 0 1 0 0 0   2.0
1 0 0 1 0 0 1   2.0
1 0 0 1 0 1 0   8.0
1 0 0 1 0 1 1   4.0
1 0 0 1 0 2 0   1.0
1 0 0 1 1 0 0   3.0
1 0 0 1 1 0 1   6.0
1 0 0 1 1 1 0   9.0
1 0 0 1 1 1 1   4.0
1 0 0 1 2 0 0   14.0
1 0 0 1 2 0 1   11.0
1 0 0 1 2 1 0   4.0
1 0 0 1 2 1 1   5.0
1 0 0 1 2 2 0   2.0
1 0 0 1 2 2 1   3.0
1 0 0 2 0 0 1   4.0
1 0 0 2 0 0 2   1.0
1 0 0 2 0 1 0   2.0
1 0 0 2 0 1 1   2.0
1 0 0 2 0 2 0   1.0
1 0 0 2 0 2 2   1.0
1 0 0 2 1 0 1   2.0
1 0 0 2 1 0 2   3.0
1 0 0 2 1 1 0   1.0
1 0 0 2 1 1 1   4.0
1 0 0 2 1 1 2   3.0
1 0 0 2 1 2 1   2.0
1 0 0 2 1 2 2   3.0
1 0 0 2 2 0 1   6.0
1 0 0 2 2 0 2   5.0
1 0 0 2 2 1 1   12.0
1 0 0 2 2 1 2   7.0
1 0 0 2 2 2 1   4.0
1 0 0 2 2 2 2   1.0
1 0 1 0 0 0 0   3.0
1 0 1 0 0 1 1   1.0
1 0 1 0 1 0 0   2.0
1 0 1 0 1 1 0   2.0
1 0 1 0 1 1 1   2.0
1 0 1 0 2 0 0   1.0
1 0 1 0 2 0 1   1.0
1 0 1 0 2 1 0   2.0
1 0 1 0 2 1 1   2.0
1 0 1 0 2 1 2   1.0
1 0 1 1 0 0 1   1.0
1 0 1 1 0 1 0   1.0
1 0 1 1 0 2 1   1.0
1 0 1 1 1 0 0   1.0
1 0 1 1 1 0 2   1.0
1 0 1 1 1 2 1   1.0
1 0 1 1 2 0 0   3.0
1 0 1 1 2 0 1   1.0
1 0 1 1 2 1 1   1.0
1 0 1 2 0 0 2   1.0
1 0 1 2 0 1 2   1.0
1 0 1 2 0 2 1   1.0
1 0 1 2 1 0 1   1.0
1 0 1 2 1 0 2   2.0
1 0 1 2 1 1 1   1.0
1 0 1 2 1 1 2   1.0
1 0 1 2 2 0 1   1.0
1 0 1 2 2 1 1   2.0
1 0 1 2 2 1 2   1.0
1 0 2 0 0 0 0   11.0
1 0 2 0 0 0 1   5.0
1 0 2 0 0 0 2   1.0
1 0 2 0 0 1 0   26.0
1 0 2 0 0 1 1   7.0
1 0 2 0 0 2 0   6.0
1 0 2 0 0 2 1   4.0
1 0 2 0 1 0 0   16.0
1 0 2 0 1 0 1   8.0
1 0 2 0 1 1 0   24.0
1 0 2 0 1 1 1   5.0
1 0 2 0 1 2 0   9.0
1 0 2 0 1 2 1   5.0
1 0 2 0 2 0 0   23.0
1 0 2 0 2 0 1   28.0
1 0 2 0 2 0 2   1.0
1 0 2 0 2 1 0   16.0
1 0 2 0 2 1 1   19.0
1 0 2 0 2 2 0   5.0
1 0 2 0 2 2 1   4.0
1 0 2 1 0 0 0   6.0
1 0 2 1 0 0 1   5.0
1 0 2 1 0 1 0   13.0
1 0 2 1 0 1 1   10.0
1 0 2 1 0 1 2   2.0
1 0 2 1 0 2 0   2.0
1 0 2 1 0 2 1   2.0
1 0 2 1 1 0 0   5.0
1 0 2 1 1 0 1   6.0
1 0 2 1 1 1 0   13.0
1 0 2 1 1 1 1   9.0
1 0 2 1 1 2 0   7.0
1 0 2 1 1 2 1   2.0
1 0 2 1 2 0 0   18.0
1 0 2 1 2 0 1   33.0
1 0 2 1 2 0 2   2.0
1 0 2 1 2 1 0   8.0
1 0 2 1 2 1 1   11.0
1 0 2 1 2 1 2   1.0
1 0 2 1 2 2 0   5.0
1 0 2 1 2 2 1   8.0
1 0 2 1 2 2 2   2.0
1 0 2 2 0 0 0   3.0
1 0 2 2 0 0 1   9.0
1 0 2 2 0 1 0   2.0
1 0 2 2 0 1 1   4.0
1 0 2 2 0 1 2   4.0
1 0 2 2 0 2 1   2.0
1 0 2 2 1 0 0   2.0
1 0 2 2 1 0 1   4.0
1 0 2 2 1 0 2   5.0
1 0 2 2 1 1 0   3.0
1 0 2 2 1 1 1   14.0
1 0 2 2 1 1 2   4.0
1 0 2 2 1 2 1   3.0
1 0 2 2 1 2 2   1.0
1 0 2 2 2 0 0   2.0
1 0 2 2 2 0 1   20.0
1 0 2 2 2 0 2   7.0
1 0 2 2 2 1 0   1.0
1 0 2 2 2 1 1   20.0
1 0 2 2 2 1 2   3.0
1 0 2 2 2 2 0   1.0
1 0 2 2 2 2 1   4.0
1 1 0 0 0 0 1   1.0
1 1 0 0 0 1 0   4.0
1 1 0 0 0 1 1   2.0
1 1 0 0 0 2 0   3.0
1 1 0 0 1 1 0   4.0
1 1 0 0 1 1 1   3.0
1 1 0 0 1 2 0   1.0
1 1 0 0 1 2 1   1.0
1 1 0 0 2 0 0   6.0
1 1 0 0 2 0 1   2.0
1 1 0 0 2 1 0   2.0
1 1 0 0 2 1 1   6.0
1 1 0 0 2 1 2   1.0
1 1 0 0 2 2 0   1.0
1 1 0 0 2 2 1   1.0
1 1 0 1 0 0 1   3.0
1 1 0 1 0 1 0   2.0
1 1 0 1 0 2 0   1.0
1 1 0 1 0 2 1   1.0
1 1 0 1 1 0 0   2.0
1 1 0 1 1 0 1   1.0
1 1 0 1 1 1 0   1.0
1 1 0 1 1 1 1   2.0
1 1 0 1 1 2 1   1.0
1 1 0 1 2 0 0   2.0
1 1 0 1 2 0 1   2.0
1 1 0 1 2 1 0   2.0
1 1 0 1 2 1 1   4.0
1 1 0 1 2 2 0   1.0
1 1 0 1 2 2 1   1.0
1 1 0 2 0 0 2   1.0
1 1 0 2 0 1 1   1.0
1 1 0 2 0 2 1   1.0
1 1 0 2 1 0 1   4.0
1 1 0 2 1 0 2   1.0
1 1 0 2 1 1 1   5.0
1 1 0 2 1 1 2   2.0
1 1 0 2 2 0 0   1.0
1 1 0 2 2 0 1   2.0
1 1 0 2 2 0 2   1.0
1 1 0 2 2 1 1   2.0
1 1 0 2 2 1 2   3.0
1 1 0 2 2 2 0   1.0
1 1 0 2 2 2 1   3.0
1 1 1 0 0 0 0   3.0
1 1 1 0 0 0 1   1.0
1 1 1 0 0 1 0   10.0
1 1 1 0 0 1 1   2.0
1 1 1 0 0 2 0   6.0
1 1 1 0 1 0 0   8.0
1 1 1 0 1 0 1   3.0
1 1 1 0 1 1 0   14.0
1 1 1 0 1 1 1   3.0
1 1 1 0 1 2 0   1.0
1 1 1 0 2 0 0   17.0
1 1 1 0 2 0 1   9.0
1 1 1 0 2 1 0   7.0
1 1 1 0 2 1 1   9.0
1 1 1 0 2 2 1   3.0
1 1 1 0 2 2 2   1.0
1 1 1 1 0 0 1   1.0
1 1 1 1 0 1 0   11.0
1 1 1 1 0 1 1   4.0
1 1 1 1 0 1 2   1.0
1 1 1 1 0 2 0   1.0
1 1 1 1 0 2 1   2.0
1 1 1 1 1 0 0   2.0
1 1 1 1 1 0 1   5.0
1 1 1 1 1 0 2   1.0
1 1 1 1 1 1 0   4.0
1 1 1 1 1 1 1   5.0
1 1 1 1 1 1 2   1.0
1 1 1 1 1 2 1   2.0
1 1 1 1 2 0 0   10.0
1 1 1 1 2 0 1   11.0
1 1 1 1 2 0 2   1.0
1 1 1 1 2 1 0   7.0
1 1 1 1 2 1 1   13.0
1 1 1 1 2 2 0   4.0
1 1 1 1 2 2 1   6.0
1 1 1 2 0 0 0   2.0
1 1 1 2 0 0 1   1.0
1 1 1 2 0 0 2   2.0
1 1 1 2 0 1 0   1.0
1 1 1 2 0 1 1   2.0
1 1 1 2 0 1 2   1.0
1 1 1 2 0 2 1   1.0
1 1 1 2 1 0 0   1.0
1 1 1 2 1 0 1   3.0
1 1 1 2 1 0 2   1.0
1 1 1 2 1 1 0   1.0
1 1 1 2 1 1 1   4.0
1 1 1 2 1 1 2   3.0
1 1 1 2 1 2 1   2.0
1 1 1 2 1 2 2   1.0
1 1 1 2 2 0 0   1.0
1 1 1 2 2 0 1   10.0
1 1 1 2 2 0 2   5.0
1 1 1 2 2 1 0   2.0
1 1 1 2 2 1 1   15.0
1 1 1 2 2 1 2   2.0
1 1 1 2 2 2 1   5.0
1 1 1 2 2 2 2   1.0
1 1 2 0 0 0 0   9.0
1 1 2 0 0 0 1   4.0
1 1 2 0 0 0 2   1.0
1 1 2 0 0 1 0   23.0
1 1 2 0 0 1 1   5.0
1 1 2 0 0 1 2   3.0
1 1 2 0 0 2 0   11.0
1 1 2 0 0 2 1   1.0
1 1 2 0 1 0 0   12.0
1 1 2 0 1 0 1   8.0
1 1 2 0 1 1 0   24.0
1 1 2 0 1 1 1   8.0
1 1 2 0 1 2 0   9.0
1 1 2 0 1 2 1   2.0
1 1 2 0 2 0 0   28.0
1 1 2 0 2 0 1   26.0
1 1 2 0 2 1 0   19.0
1 1 2 0 2 1 1   24.0
1 1 2 0 2 1 2   1.0
1 1 2 0 2 2 0   13.0
1 1 2 0 2 2 1   6.0
1 1 2 1 0 0 0   7.0
1 1 2 1 0 0 1   7.0
1 1 2 1 0 0 2   2.0
1 1 2 1 0 1 0   14.0
1 1 2 1 0 1 1   11.0
1 1 2 1 0 1 2   1.0
1 1 2 1 0 2 0   3.0
1 1 2 1 0 2 1   2.0
1 1 2 1 1 0 0   10.0
1 1 2 1 1 0 1   8.0
1 1 2 1 1 1 0   10.0
1 1 2 1 1 1 1   11.0
1 1 2 1 1 1 2   2.0
1 1 2 1 1 2 0   2.0
1 1 2 1 1 2 1   3.0
1 1 2 1 1 2 2   2.0
1 1 2 1 2 0 0   16.0
1 1 2 1 2 0 1   24.0
1 1 2 1 2 0 2   3.0
1 1 2 1 2 1 0   15.0
1 1 2 1 2 1 1   25.0
1 1 2 1 2 1 2   2.0
1 1 2 1 2 2 0   5.0
1 1 2 1 2 2 1   11.0
1 1 2 1 2 2 2   1.0
1 1 2 2 0 0 1   2.0
1 1 2 2 0 0 2   4.0
1 1 2 2 0 1 0   2.0
1 1 2 2 0 1 1   11.0
1 1 2 2 0 1 2   1.0
1 1 2 2 0 2 1   2.0
1 1 2 2 0 2 2   4.0
1 1 2 2 1 0 1   11.0
1 1 2 2 1 0 2   3.0
1 1 2 2 1 1 0   4.0
1 1 2 2 1 1 1   14.0
1 1 2 2 1 1 2   1.0
1 1 2 2 1 2 1   2.0
1 1 2 2 2 0 0   2.0
1 1 2 2 2 0 1   26.0
1 1 2 2 2 0 2   9.0
1 1 2 2 2 1 0   1.0
1 1 2 2 2 1 1   27.0
1 1 2 2 2 1 2   6.0
1 1 2 2 2 2 1   8.0
1 1 2 2 2 2 2   3.0
1 2 0 0 0 0 0   4.0
1 2 0 0 0 0 1   5.0
1 2 0 0 0 1 0   11.0
1 2 0 0 0 1 1   1.0
1 2 0 0 0 2 0   4.0
1 2 0 0 0 2 1   1.0
1 2 0 0 1 0 0   5.0
1 2 0 0 1 0 1   4.0
1 2 0 0 1 1 0   8.0
1 2 0 0 1 1 1   6.0
1 2 0 0 1 2 0   2.0
1 2 0 0 1 2 1   1.0
1 2 0 0 2 0 0   11.0
1 2 0 0 2 0 1   4.0
1 2 0 0 2 0 2   1.0
1 2 0 0 2 1 0   5.0
1 2 0 0 2 1 1   5.0
1 2 0 0 2 2 0   1.0
1 2 0 0 2 2 1   3.0
1 2 0 1 0 0 0   3.0
1 2 0 1 0 0 1   2.0
1 2 0 1 0 1 0   3.0
1 2 0 1 0 1 1   2.0
1 2 0 1 0 1 2   1.0
1 2 0 1 0 2 0   2.0
1 2 0 1 1 0 0   5.0
1 2 0 1 1 0 1   1.0
1 2 0 1 1 1 0   4.0
1 2 0 1 1 1 1   6.0
1 2 0 1 1 1 2   1.0
1 2 0 1 1 2 0   2.0
1 2 0 1 1 2 1   1.0
1 2 0 1 2 0 0   2.0
1 2 0 1 2 0 1   3.0
1 2 0 1 2 1 0   4.0
1 2 0 1 2 1 1   4.0
1 2 0 1 2 1 2   2.0
1 2 0 1 2 2 0   3.0
1 2 0 1 2 2 1   1.0
1 2 0 2 0 0 1   2.0
1 2 0 2 0 1 2   1.0
1 2 0 2 0 2 1   1.0
1 2 0 2 1 0 2   2.0
1 2 0 2 1 1 1   6.0
1 2 0 2 1 1 2   4.0
1 2 0 2 1 2 1   1.0
1 2 0 2 2 0 1   5.0
1 2 0 2 2 0 2   1.0
1 2 0 2 2 1 0   2.0
1 2 0 2 2 1 1   12.0
1 2 0 2 2 1 2   5.0
1 2 0 2 2 2 2   1.0
1 2 1 0 0 0 0   2.0
1 2 1 0 0 0 1   2.0
1 2 1 0 0 1 0   13.0
1 2 1 0 0 1 1   5.0
1 2 1 0 0 2 0   4.0
1 2 1 0 1 0 0   3.0
1 2 1 0 1 0 1   5.0
1 2 1 0 1 1 0   8.0
1 2 1 0 1 1 1   2.0
1 2 1 0 1 2 0   2.0
1 2 1 0 2 0 0   8.0
1 2 1 0 2 0 1   5.0
1 2 1 0 2 1 0   5.0
1 2 1 0 2 1 1   11.0
1 2 1 0 2 2 1   2.0
1 2 1 1 0 0 0   6.0
1 2 1 1 0 0 1   5.0
1 2 1 1 0 1 0   5.0
1 2 1 1 0 1 1   2.0
1 2 1 1 0 2 0   1.0
1 2 1 1 1 0 0   4.0
1 2 1 1 1 0 1   3.0
1 2 1 1 1 1 0   6.0
1 2 1 1 1 1 1   2.0
1 2 1 1 1 1 2   1.0
1 2 1 1 1 2 1   1.0
1 2 1 1 2 0 0   3.0
1 2 1 1 2 0 1   8.0
1 2 1 1 2 1 0   5.0
1 2 1 1 2 1 1   5.0
1 2 1 1 2 2 0   2.0
1 2 1 1 2 2 1   2.0
1 2 1 1 2 2 2   1.0
1 2 1 2 0 0 1   1.0
1 2 1 2 0 1 0   2.0
1 2 1 2 0 1 1   1.0
1 2 1 2 0 1 2   2.0
1 2 1 2 0 2 1   2.0
1 2 1 2 1 0 1   6.0
1 2 1 2 1 0 2   1.0
1 2 1 2 1 1 1   4.0
1 2 1 2 1 1 2   3.0
1 2 1 2 1 2 1   1.0
1 2 1 2 2 0 0   2.0
1 2 1 2 2 0 1   8.0
1 2 1 2 2 0 2   1.0
1 2 1 2 2 1 1   12.0
1 2 1 2 2 1 2   2.0
1 2 1 2 2 2 1   1.0
1 2 1 2 2 2 2   1.0
1 2 2 0 0 0 0   11.0
1 2 2 0 0 0 1   8.0
1 2 2 0 0 1 0   31.0
1 2 2 0 0 1 1   7.0
1 2 2 0 0 2 0   7.0
1 2 2 0 0 2 1   1.0
1 2 2 0 1 0 0   17.0
1 2 2 0 1 0 1   13.0
1 2 2 0 1 1 0   37.0
1 2 2 0 1 1 1   13.0
1 2 2 0 1 1 2   1.0
1 2 2 0 1 2 0   11.0
1 2 2 0 1 2 1   8.0
1 2 2 0 1 2 2   1.0
1 2 2 0 2 0 0   31.0
1 2 2 0 2 0 1   17.0
1 2 2 0 2 1 0   15.0
1 2 2 0 2 1 1   28.0
1 2 2 0 2 2 0   7.0
1 2 2 0 2 2 1   4.0
1 2 2 1 0 0 0   10.0
1 2 2 1 0 0 1   6.0
1 2 2 1 0 1 0   20.0
1 2 2 1 0 1 1   5.0
1 2 2 1 0 1 2   2.0
1 2 2 1 0 2 0   5.0
1 2 2 1 0 2 1   3.0
1 2 2 1 1 0 0   16.0
1 2 2 1 1 0 1   13.0
1 2 2 1 1 0 2   2.0
1 2 2 1 1 1 0   26.0
1 2 2 1 1 1 1   14.0
1 2 2 1 1 1 2   2.0
1 2 2 1 1 2 0   6.0
1 2 2 1 1 2 1   4.0
1 2 2 1 2 0 0   18.0
1 2 2 1 2 0 1   26.0
1 2 2 1 2 0 2   2.0
1 2 2 1 2 1 0   18.0
1 2 2 1 2 1 1   40.0
1 2 2 1 2 1 2   4.0
1 2 2 1 2 2 0   10.0
1 2 2 1 2 2 1   5.0
1 2 2 1 2 2 2   2.0
1 2 2 2 0 0 1   7.0
1 2 2 2 0 0 2   3.0
1 2 2 2 0 1 0   5.0
1 2 2 2 0 1 1   5.0
1 2 2 2 0 1 2   8.0
1 2 2 2 0 2 1   4.0
1 2 2 2 0 2 2   1.0
1 2 2 2 1 0 1   17.0
1 2 2 2 1 0 2   2.0
1 2 2 2 1 1 0   2.0
1 2 2 2 1 1 1   15.0
1 2 2 2 1 1 2   9.0
1 2 2 2 1 2 0   1.0
1 2 2 2 1 2 1   2.0
1 2 2 2 1 2 2   3.0
1 2 2 2 2 0 0   5.0
1 2 2 2 2 0 1   50.0
1 2 2 2 2 0 2   14.0
1 2 2 2 2 1 0   2.0
1 2 2 2 2 1 1   30.0
1 2 2 2 2 1 2   9.0
1 2 2 2 2 2 1   8.0
1 2 2 2 2 2 2   5.0
2 0 0 0 0 0 0   3.0
2 0 0 0 0 1 0   8.0
2 0 0 0 0 1 1   4.0
2 0 0 0 0 1 2   1.0
2 0 0 0 0 2 0   2.0
2 0 0 0 0 2 1   1.0
2 0 0 0 1 0 0   2.0
2 0 0 0 1 0 1   3.0
2 0 0 0 1 1 0   9.0
2 0 0 0 1 1 1   1.0
2 0 0 0 1 2 0   1.0
2 0 0 0 2 0 0   8.0
2 0 0 0 2 0 1   10.0
2 0 0 0 2 0 2   1.0
2 0 0 0 2 1 0   5.0
2 0 0 0 2 1 1   5.0
2 0 0 0 2 1 2   1.0
2 0 0 0 2 2 0   1.0
2 0 0 0 2 2 1   3.0
2 0 0 0 2 2 2   1.0
2 0 0 1 0 0 0   2.0
2 0 0 1 0 0 1   2.0
2 0 0 1 0 1 0   1.0
2 0 0 1 0 1 1   1.0
2 0 0 1 0 1 2   1.0
2 0 0 1 0 2 0   1.0
2 0 0 1 1 0 1   5.0
2 0 0 1 1 0 2   1.0
2 0 0 1 1 1 1   2.0
2 0 0 1 1 1 2   1.0
2 0 0 1 1 2 0   1.0
2 0 0 1 2 0 0   6.0
2 0 0 1 2 0 1   5.0
2 0 0 1 2 1 0   6.0
2 0 0 1 2 1 1   5.0
2 0 0 1 2 1 2   4.0
2 0 0 1 2 2 0   1.0
2 0 0 1 2 2 1   3.0
2 0 0 1 2 2 2   2.0
2 0 0 2 0 0 1   2.0
2 0 0 2 0 0 2   6.0
2 0 0 2 0 1 1   1.0
2 0 0 2 0 1 2   10.0
2 0 0 2 0 2 0   1.0
2 0 0 2 0 2 2   2.0
2 0 0 2 1 0 1   5.0
2 0 0 2 1 0 2   6.0
2 0 0 2 1 1 0   1.0
2 0 0 2 1 1 1   3.0
2 0 0 2 1 1 2   8.0
2 0 0 2 1 2 0   1.0
2 0 0 2 1 2 1   1.0
2 0 0 2 1 2 2   3.0
2 0 0 2 2 0 1   11.0
2 0 0 2 2 0 2   11.0
2 0 0 2 2 1 1   5.0
2 0 0 2 2 1 2   7.0
2 0 0 2 2 2 1   1.0
2 0 0 2 2 2 2   4.0
2 0 1 0 0 0 1   1.0
2 0 1 0 0 1 0   1.0
2 0 1 0 0 2 1   1.0
2 0 1 0 1 0 0   1.0
2 0 1 0 1 0 1   1.0
2 0 1 0 1 1 0   1.0
2 0 1 0 2 0 0   3.0
2 0 1 0 2 1 2   1.0
2 0 1 1 0 0 2   1.0
2 0 1 1 0 1 2   1.0
2 0 1 1 1 1 0   1.0
2 0 1 1 1 1 2   1.0
2 0 1 1 1 2 0   1.0
2 0 1 1 2 0 1   3.0
2 0 1 1 2 1 0   1.0
2 0 1 1 2 1 2   1.0
2 0 1 2 1 0 2   1.0
2 0 1 2 1 1 1   1.0
2 0 1 2 1 1 2   2.0
2 0 1 2 2 0 1   2.0
2 0 1 2 2 0 2   2.0
2 0 1 2 2 1 2   2.0
2 0 2 0 0 0 0   8.0
2 0 2 0 0 0 1   5.0
2 0 2 0 0 0 2   1.0
2 0 2 0 0 1 0   15.0
2 0 2 0 0 1 1   4.0
2 0 2 0 0 1 2   3.0
2 0 2 0 0 2 0   4.0
2 0 2 0 0 2 1   1.0
2 0 2 0 1 0 0   5.0
2 0 2 0 1 0 1   6.0
2 0 2 0 1 0 2   3.0
2 0 2 0 1 1 0   15.0
2 0 2 0 1 1 1   7.0
2 0 2 0 1 1 2   6.0
2 0 2 0 1 2 0   2.0
2 0 2 0 1 2 1   2.0
2 0 2 0 2 0 0   17.0
2 0 2 0 2 0 1   12.0
2 0 2 0 2 0 2   2.0
2 0 2 0 2 1 0   10.0
2 0 2 0 2 1 1   10.0
2 0 2 0 2 1 2   3.0
2 0 2 0 2 2 0   4.0
2 0 2 0 2 2 1   4.0
2 0 2 0 2 2 2   1.0
2 0 2 1 0 0 0   1.0
2 0 2 1 0 0 1   6.0
2 0 2 1 0 0 2   1.0
2 0 2 1 0 1 0   8.0
2 0 2 1 0 1 1   7.0
2 0 2 1 0 1 2   4.0
2 0 2 1 0 2 1   3.0
2 0 2 1 1 0 0   4.0
2 0 2 1 1 0 1   3.0
2 0 2 1 1 0 2   4.0
2 0 2 1 1 1 0   5.0
2 0 2 1 1 1 1   5.0
2 0 2 1 1 1 2   3.0
2 0 2 1 1 2 0   3.0
2 0 2 1 1 2 1   3.0
2 0 2 1 2 0 0   7.0
2 0 2 1 2 0 1   16.0
2 0 2 1 2 0 2   7.0
2 0 2 1 2 1 0   3.0
2 0 2 1 2 1 1   15.0
2 0 2 1 2 1 2   1.0
2 0 2 1 2 2 0   2.0
2 0 2 1 2 2 1   2.0
2 0 2 2 0 0 0   2.0
2 0 2 2 0 0 1   5.0
2 0 2 2 0 0 2   5.0
2 0 2 2 0 1 0   2.0
2 0 2 2 0 1 1   4.0
2 0 2 2 0 1 2   18.0
2 0 2 2 0 2 2   1.0
2 0 2 2 1 0 1   5.0
2 0 2 2 1 0 2   16.0
2 0 2 2 1 1 1   7.0
2 0 2 2 1 1 2   23.0
2 0 2 2 1 2 0   1.0
2 0 2 2 1 2 1   1.0
2 0 2 2 1 2 2   1.0
2 0 2 2 2 0 1   12.0
2 0 2 2 2 0 2   20.0
2 0 2 2 2 1 0   1.0
2 0 2 2 2 1 1   15.0
2 0 2 2 2 1 2   23.0
2 0 2 2 2 2 1   3.0
2 0 2 2 2 2 2   11.0
2 1 0 0 0 0 0   2.0
2 1 0 0 0 0 2   2.0
2 1 0 0 0 1 0   5.0
2 1 0 0 0 1 1   1.0
2 1 0 0 0 1 2   1.0
2 1 0 0 0 2 2   2.0
2 1 0 0 1 0 0   2.0
2 1 0 0 1 1 0   3.0
2 1 0 0 1 1 1   3.0
2 1 0 0 1 1 2   2.0
2 1 0 0 1 2 1   1.0
2 1 0 0 1 2 2   1.0
2 1 0 0 2 0 0   2.0
2 1 0 0 2 0 1   6.0
2 1 0 0 2 0 2   2.0
2 1 0 0 2 1 0   5.0
2 1 0 0 2 1 1   7.0
2 1 0 0 2 2 1   1.0
2 1 0 1 0 0 0   2.0
2 1 0 1 0 0 1   2.0
2 1 0 1 0 1 0   4.0
2 1 0 1 0 1 1   3.0
2 1 0 1 0 2 0   1.0
2 1 0 1 1 0 1   2.0
2 1 0 1 1 0 2   2.0
2 1 0 1 1 1 0   5.0
2 1 0 1 1 1 1   1.0
2 1 0 1 1 1 2   1.0
2 1 0 1 1 2 0   1.0
2 1 0 1 2 0 0   1.0
2 1 0 1 2 0 1   6.0
2 1 0 1 2 0 2   3.0
2 1 0 1 2 1 0   2.0
2 1 0 1 2 1 1   9.0
2 1 0 1 2 1 2   3.0
2 1 0 1 2 2 1   1.0
2 1 0 1 2 2 2   1.0
2 1 0 2 0 0 0   1.0
2 1 0 2 0 0 1   3.0
2 1 0 2 0 0 2   1.0
2 1 0 2 0 1 1   2.0
2 1 0 2 0 1 2   8.0
2 1 0 2 0 2 1   3.0
2 1 0 2 1 0 1   2.0
2 1 0 2 1 0 2   7.0
2 1 0 2 1 1 0   1.0
2 1 0 2 1 1 1   1.0
2 1 0 2 1 1 2   4.0
2 1 0 2 1 2 1   1.0
2 1 0 2 2 0 0   1.0
2 1 0 2 2 0 1   4.0
2 1 0 2 2 0 2   10.0
2 1 0 2 2 1 1   8.0
2 1 0 2 2 1 2   12.0
2 1 0 2 2 2 1   1.0
2 1 0 2 2 2 2   2.0
2 1 1 0 0 0 0   2.0
2 1 1 0 0 0 1   4.0
2 1 1 0 0 0 2   1.0
2 1 1 0 0 1 0   13.0
2 1 1 0 0 1 1   2.0
2 1 1 0 0 1 2   1.0
2 1 1 0 0 2 0   2.0
2 1 1 0 0 2 1   2.0
2 1 1 0 0 2 2   2.0
2 1 1 0 1 0 0   7.0
2 1 1 0 1 0 1   8.0
2 1 1 0 1 0 2   1.0
2 1 1 0 1 1 0   7.0
2 1 1 0 1 1 1   6.0
2 1 1 0 1 1 2   1.0
2 1 1 0 1 2 0   3.0
2 1 1 0 1 2 1   4.0
2 1 1 0 2 0 0   5.0
2 1 1 0 2 0 1   14.0
2 1 1 0 2 0 2   8.0
2 1 1 0 2 1 0   11.0
2 1 1 0 2 1 1   10.0
2 1 1 0 2 1 2   3.0
2 1 1 0 2 2 0   6.0
2 1 1 0 2 2 1   3.0
2 1 1 0 2 2 2   1.0
2 1 1 1 0 0 0   5.0
2 1 1 1 0 0 1   4.0
2 1 1 1 0 0 2   6.0
2 1 1 1 0 1 0   10.0
2 1 1 1 0 1 1   5.0
2 1 1 1 0 1 2   6.0
2 1 1 1 0 2 0   3.0
2 1 1 1 0 2 2   1.0
2 1 1 1 1 0 0   1.0
2 1 1 1 1 0 1   8.0
2 1 1 1 1 0 2   3.0
2 1 1 1 1 1 0   5.0
2 1 1 1 1 1 1   8.0
2 1 1 1 1 1 2   4.0
2 1 1 1 1 2 0   2.0
2 1 1 1 1 2 1   1.0
2 1 1 1 1 2 2   3.0
2 1 1 1 2 0 0   10.0
2 1 1 1 2 0 1   17.0
2 1 1 1 2 0 2   13.0
2 1 1 1 2 1 0   8.0
2 1 1 1 2 1 1   5.0
2 1 1 1 2 1 2   11.0
2 1 1 1 2 2 0   3.0
2 1 1 1 2 2 1   4.0
2 1 1 1 2 2 2   2.0
2 1 1 2 0 0 1   7.0
2 1 1 2 0 0 2   10.0
2 1 1 2 0 1 0   1.0
2 1 1 2 0 1 1   5.0
2 1 1 2 0 1 2   18.0
2 1 1 2 0 2 1   3.0
2 1 1 2 0 2 2   2.0
2 1 1 2 1 0 1   8.0
2 1 1 2 1 0 2   14.0
2 1 1 2 1 1 1   4.0
2 1 1 2 1 1 2   28.0
2 1 1 2 1 2 1   2.0
2 1 1 2 1 2 2   3.0
2 1 1 2 2 0 1   15.0
2 1 1 2 2 0 2   37.0
2 1 1 2 2 1 1   9.0
2 1 1 2 2 1 2   29.0
2 1 1 2 2 2 1   4.0
2 1 1 2 2 2 2   8.0
2 1 2 0 0 0 0   2.0
2 1 2 0 0 0 1   3.0
2 1 2 0 0 0 2   1.0
2 1 2 0 0 1 0   17.0
2 1 2 0 0 1 1   3.0
2 1 2 0 0 1 2   2.0
2 1 2 0 0 2 0   9.0
2 1 2 0 0 2 2   1.0
2 1 2 0 1 0 0   3.0
2 1 2 0 1 0 1   13.0
2 1 2 0 1 0 2   1.0
2 1 2 0 1 1 0   11.0
2 1 2 0 1 1 1   7.0
2 1 2 0 1 1 2   3.0
2 1 2 0 1 2 0   3.0
2 1 2 0 1 2 1   2.0
2 1 2 0 2 0 0   10.0
2 1 2 0 2 0 1   8.0
2 1 2 0 2 0 2   7.0
2 1 2 0 2 1 0   10.0
2 1 2 0 2 1 1   16.0
2 1 2 0 2 1 2   3.0
2 1 2 0 2 2 0   4.0
2 1 2 0 2 2 1   1.0
2 1 2 0 2 2 2   2.0
2 1 2 1 0 0 0   1.0
2 1 2 1 0 0 1   4.0
2 1 2 1 0 0 2   2.0
2 1 2 1 0 1 0   13.0
2 1 2 1 0 1 1   4.0
2 1 2 1 0 1 2   8.0
2 1 2 1 0 2 0   1.0
2 1 2 1 0 2 1   1.0
2 1 2 1 0 2 2   1.0
2 1 2 1 1 0 0   2.0
2 1 2 1 1 0 1   5.0
2 1 2 1 1 0 2   4.0
2 1 2 1 1 1 0   7.0
2 1 2 1 1 1 1   13.0
2 1 2 1 1 1 2   7.0
2 1 2 1 1 2 0   3.0
2 1 2 1 1 2 1   1.0
2 1 2 1 1 2 2   2.0
2 1 2 1 2 0 0   15.0
2 1 2 1 2 0 1   22.0
2 1 2 1 2 0 2   7.0
2 1 2 1 2 1 0   5.0
2 1 2 1 2 1 1   14.0
2 1 2 1 2 1 2   5.0
2 1 2 1 2 2 0   1.0
2 1 2 1 2 2 1   8.0
2 1 2 1 2 2 2   3.0
2 1 2 2 0 0 0   1.0
2 1 2 2 0 0 1   4.0
2 1 2 2 0 0 2   8.0
2 1 2 2 0 1 0   1.0
2 1 2 2 0 1 1   6.0
2 1 2 2 0 1 2   16.0
2 1 2 2 0 2 0   1.0
2 1 2 2 0 2 2   5.0
2 1 2 2 1 0 1   8.0
2 1 2 2 1 0 2   16.0
2 1 2 2 1 1 0   2.0
2 1 2 2 1 1 1   9.0
2 1 2 2 1 1 2   24.0
2 1 2 2 1 2 1   1.0
2 1 2 2 1 2 2   7.0
2 1 2 2 2 0 1   19.0
2 1 2 2 2 0 2   40.0
2 1 2 2 2 1 0   1.0
2 1 2 2 2 1 1   10.0
2 1 2 2 2 1 2   32.0
2 1 2 2 2 2 1   3.0
2 1 2 2 2 2 2   7.0
2 2 0 0 0 0 0   7.0
2 2 0 0 0 0 1   3.0
2 2 0 0 0 0 2   1.0
2 2 0 0 0 1 0   4.0
2 2 0 0 0 1 1   1.0
2 2 0 0 0 2 0   1.0
2 2 0 0 0 2 2   2.0
2 2 0 0 1 0 0   1.0
2 2 0 0 1 0 1   1.0
2 2 0 0 1 1 0   8.0
2 2 0 0 1 1 1   3.0
2 2 0 0 1 1 2   1.0
2 2 0 0 1 2 0   1.0
2 2 0 0 2 0 0   8.0
2 2 0 0 2 0 1   6.0
2 2 0 0 2 0 2   2.0
2 2 0 0 2 1 0   6.0
2 2 0 0 2 1 1   5.0
2 2 0 0 2 1 2   3.0
2 2 0 0 2 2 1   1.0
2 2 0 1 0 0 0   2.0
2 2 0 1 0 1 0   2.0
2 2 0 1 0 1 1   3.0
2 2 0 1 0 1 2   4.0
2 2 0 1 0 2 1   1.0
2 2 0 1 0 2 2   3.0
2 2 0 1 1 0 0   1.0
2 2 0 1 1 0 1   1.0
2 2 0 1 1 0 2   4.0
2 2 0 1 1 1 0   6.0
2 2 0 1 1 1 1   3.0
2 2 0 1 1 1 2   2.0
2 2 0 1 1 2 1   1.0
2 2 0 1 1 2 2   2.0
2 2 0 1 2 0 0   4.0
2 2 0 1 2 0 1   3.0
2 2 0 1 2 0 2   3.0
2 2 0 1 2 1 0   2.0
2 2 0 1 2 1 1   5.0
2 2 0 1 2 1 2   5.0
2 2 0 1 2 2 0   2.0
2 2 0 1 2 2 1   1.0
2 2 0 1 2 2 2   1.0
2 2 0 2 0 0 1   1.0
2 2 0 2 0 0 2   7.0
2 2 0 2 0 1 1   2.0
2 2 0 2 0 1 2   13.0
2 2 0 2 0 2 2   3.0
2 2 0 2 1 0 0   2.0
2 2 0 2 1 0 1   4.0
2 2 0 2 1 0 2   8.0
2 2 0 2 1 1 0   1.0
2 2 0 2 1 1 1   2.0
2 2 0 2 1 1 2   14.0
2 2 0 2 1 2 1   1.0
2 2 0 2 1 2 2   4.0
2 2 0 2 2 0 0   1.0
2 2 0 2 2 0 1   9.0
2 2 0 2 2 0 2   17.0
2 2 0 2 2 1 1   8.0
2 2 0 2 2 1 2   14.0
2 2 0 2 2 2 1   2.0
2 2 0 2 2 2 2   6.0
2 2 1 0 0 0 0   4.0
2 2 1 0 0 0 1   6.0
2 2 1 0 0 0 2   1.0
2 2 1 0 0 1 0   11.0
2 2 1 0 0 1 1   9.0
2 2 1 0 0 1 2   4.0
2 2 1 0 0 2 0   4.0
2 2 1 0 0 2 2   1.0
2 2 1 0 1 0 0   5.0
2 2 1 0 1 0 1   2.0
2 2 1 0 1 0 2   1.0
2 2 1 0 1 1 0   7.0
2 2 1 0 1 1 1   5.0
2 2 1 0 1 1 2   3.0
2 2 1 0 1 2 0   1.0
2 2 1 0 1 2 1   3.0
2 2 1 0 1 2 2   2.0
2 2 1 0 2 0 0   7.0
2 2 1 0 2 0 1   11.0
2 2 1 0 2 0 2   4.0
2 2 1 0 2 1 0   7.0
2 2 1 0 2 1 1   11.0
2 2 1 0 2 1 2   2.0
2 2 1 0 2 2 0   2.0
2 2 1 0 2 2 1   4.0
2 2 1 1 0 0 0   6.0
2 2 1 1 0 0 1   2.0
2 2 1 1 0 0 2   2.0
2 2 1 1 0 1 0   4.0
2 2 1 1 0 1 1   4.0
2 2 1 1 0 1 2   6.0
2 2 1 1 0 2 0   1.0
2 2 1 1 0 2 1   1.0
2 2 1 1 0 2 2   1.0
2 2 1 1 1 0 0   3.0
2 2 1 1 1 0 1   6.0
2 2 1 1 1 0 2   3.0
2 2 1 1 1 1 0   7.0
2 2 1 1 1 1 1   7.0
2 2 1 1 1 1 2   2.0
2 2 1 1 1 2 1   1.0
2 2 1 1 1 2 2   3.0
2 2 1 1 2 0 0   7.0
2 2 1 1 2 0 1   4.0
2 2 1 1 2 0 2   8.0
2 2 1 1 2 1 0   5.0
2 2 1 1 2 1 1   6.0
2 2 1 1 2 1 2   7.0
2 2 1 1 2 2 0   2.0
2 2 1 1 2 2 1   3.0
2 2 1 1 2 2 2   2.0
2 2 1 2 0 0 1   2.0
2 2 1 2 0 0 2   5.0
2 2 1 2 0 1 0   1.0
2 2 1 2 0 1 1   3.0
2 2 1 2 0 1 2   13.0
2 2 1 2 0 2 1   1.0
2 2 1 2 0 2 2   4.0
2 2 1 2 1 0 1   6.0
2 2 1 2 1 0 2   6.0
2 2 1 2 1 1 0   1.0
2 2 1 2 1 1 1   5.0
2 2 1 2 1 1 2   14.0
2 2 1 2 1 2 1   1.0
2 2 1 2 1 2 2   6.0
2 2 1 2 2 0 0   1.0
2 2 1 2 2 0 1   11.0
2 2 1 2 2 0 2   28.0
2 2 1 2 2 1 1   12.0
2 2 1 2 2 1 2   20.0
2 2 1 2 2 2 1   4.0
2 2 1 2 2 2 2   5.0
2 2 2 0 0 0 0   11.0
2 2 2 0 0 0 1   2.0
2 2 2 0 0 0 2   1.0
2 2 2 0 0 1 0   12.0
2 2 2 0 0 1 1   2.0
2 2 2 0 0 1 2   4.0
2 2 2 0 0 2 0   3.0
2 2 2 0 0 2 2   5.0
2 2 2 0 1 0 0   12.0
2 2 2 0 1 0 1   6.0
2 2 2 0 1 0 2   1.0
2 2 2 0 1 1 0   14.0
2 2 2 0 1 1 1   10.0
2 2 2 0 1 1 2   2.0
2 2 2 0 1 2 0   2.0
2 2 2 0 1 2 1   1.0
2 2 2 0 2 0 0   17.0
2 2 2 0 2 0 1   16.0
2 2 2 0 2 0 2   5.0
2 2 2 0 2 1 0   15.0
2 2 2 0 2 1 1   20.0
2 2 2 0 2 1 2   5.0
2 2 2 0 2 2 0   4.0
2 2 2 0 2 2 1   6.0
2 2 2 1 0 0 0   3.0
2 2 2 1 0 0 1   5.0
2 2 2 1 0 0 2   4.0
2 2 2 1 0 1 0   11.0
2 2 2 1 0 1 1   6.0
2 2 2 1 0 1 2   4.0
2 2 2 1 0 2 1   1.0
2 2 2 1 1 0 0   4.0
2 2 2 1 1 0 1   8.0
2 2 2 1 1 0 2   7.0
2 2 2 1 1 1 0   7.0
2 2 2 1 1 1 1   13.0
2 2 2 1 1 1 2   7.0
2 2 2 1 1 2 0   1.0
2 2 2 1 1 2 2   2.0
2 2 2 1 2 0 0   13.0
2 2 2 1 2 0 1   26.0
2 2 2 1 2 0 2   7.0
2 2 2 1 2 1 0   7.0
2 2 2 1 2 1 1   12.0
2 2 2 1 2 1 2   9.0
2 2 2 1 2 2 0   1.0
2 2 2 1 2 2 1   6.0
2 2 2 1 2 2 2   7.0
2 2 2 2 0 0 1   4.0
2 2 2 2 0 0 2   13.0
2 2 2 2 0 1 0   3.0
2 2 2 2 0 1 1   5.0
2 2 2 2 0 1 2   21.0
2 2 2 2 0 2 0   3.0
2 2 2 2 0 2 1   3.0
2 2 2 2 0 2 2   5.0
2 2 2 2 1 0 0   1.0
2 2 2 2 1 0 1   7.0
2 2 2 2 1 0 2   15.0
2 2 2 2 1 1 1   8.0
2 2 2 2 1 1 2   23.0
2 2 2 2 1 2 1   3.0
2 2 2 2 1 2 2   4.0
2 2 2 2 2 0 0   2.0
2 2 2 2 2 0 1   18.0
2 2 2 2 2 0 2   45.0
2 2 2 2 2 1 0   1.0
2 2 2 2 2 1 1   16.0
2 2 2 2 2 1 2   37.0
2 2 2 2 2 2 1   3.0
2 2 2 2 2 2 2   12.0
//Total count: 10000.0
