//Data table Produced by the HNB package

Name: default.data

//Variables: name of variable followed by names of states
//           The last variable is the class variable
//            State names must start with English characters
v4: s0 s1 s2 
v6: s0 s1 s2 
v7: s0 s1 s2 
v2: s0 s1 s2 
v8: s0 s1 s2 
v9: s0 s1 s2 
v0: s0 s1 s2 

//Records: The last column contains frequencies.
//	        The second last column contain class labels
//	        0=First state, 1=second state, ...
//	        -1=missing value
0 0 0 0 0 1 1   2.0
0 0 0 0 0 2 1   10.0
0 0 0 0 1 1 1   2.0
0 0 0 0 1 2 1   2.0
0 0 0 0 2 0 1   3.0
0 0 0 0 2 1 0   2.0
0 0 0 0 2 1 1   7.0
0 0 0 0 2 2 1   1.0
0 0 0 1 0 1 1   1.0
0 0 0 1 0 2 1   3.0
0 0 0 1 0 2 2   3.0
0 0 0 1 1 0 2   2.0
0 0 0 1 1 1 2   28.0
0 0 0 1 1 2 1   1.0
0 0 0 1 2 1 0   2.0
0 0 0 1 2 1 2   2.0
0 0 0 2 0 0 0   1.0
0 0 0 2 0 2 0   1.0
0 0 0 2 0 2 1   3.0
0 0 0 2 0 2 2   1.0
0 0 0 2 1 1 2   4.0
0 0 0 2 2 0 0   2.0
0 0 0 2 2 1 0   13.0
0 0 0 2 2 1 2   1.0
0 0 0 2 2 2 0   1.0
0 0 1 0 0 2 1   6.0
0 0 1 0 2 0 0   1.0
0 0 1 0 2 1 1   1.0
0 0 1 0 2 2 1   1.0
0 0 1 1 0 2 1   1.0
0 0 1 1 0 2 2   2.0
0 0 1 1 1 0 2   1.0
0 0 1 1 1 1 2   1.0
0 0 2 0 0 0 1   1.0
0 0 2 0 0 1 1   8.0
0 0 2 0 0 2 1   73.0
0 0 2 0 1 0 1   2.0
0 0 2 0 1 1 1   3.0
0 0 2 0 1 2 1   6.0
0 0 2 0 2 0 1   3.0
0 0 2 0 2 1 0   2.0
0 0 2 0 2 1 1   13.0
0 0 2 0 2 2 1   13.0
0 0 2 1 0 0 1   1.0
0 0 2 1 0 1 1   4.0
0 0 2 1 0 2 0   1.0
0 0 2 1 0 2 1   16.0
0 0 2 1 0 2 2   3.0
0 0 2 1 1 0 2   2.0
0 0 2 1 1 1 2   47.0
0 0 2 1 1 2 0   1.0
0 0 2 1 2 0 1   1.0
0 0 2 1 2 1 0   5.0
0 0 2 1 2 1 1   2.0
0 0 2 1 2 1 2   1.0
0 0 2 1 2 2 2   1.0
0 0 2 2 0 1 0   3.0
0 0 2 2 0 2 0   2.0
0 0 2 2 0 2 1   5.0
0 0 2 2 0 2 2   1.0
0 0 2 2 1 0 0   1.0
0 0 2 2 1 1 2   4.0
0 0 2 2 1 2 2   1.0
0 0 2 2 2 0 0   3.0
0 0 2 2 2 0 2   1.0
0 0 2 2 2 1 0   36.0
0 0 2 2 2 1 1   1.0
0 0 2 2 2 1 2   1.0
0 0 2 2 2 2 1   1.0
0 0 2 2 2 2 2   1.0
0 1 0 0 0 0 1   2.0
0 1 0 0 0 1 0   1.0
0 1 0 0 0 1 1   2.0
0 1 0 0 0 2 1   47.0
0 1 0 0 1 1 1   1.0
0 1 0 0 2 1 1   5.0
0 1 0 0 2 2 1   8.0
0 1 0 1 0 0 1   1.0
0 1 0 1 0 2 1   4.0
0 1 0 1 0 2 2   13.0
0 1 0 1 1 0 2   13.0
0 1 0 1 1 1 2   69.0
0 1 0 1 1 2 1   1.0
0 1 0 1 1 2 2   3.0
0 1 0 1 2 0 2   2.0
0 1 0 1 2 1 0   4.0
0 1 0 1 2 1 1   4.0
0 1 0 1 2 1 2   4.0
0 1 0 1 2 2 2   1.0
0 1 0 2 0 0 1   1.0
0 1 0 2 0 2 0   3.0
0 1 0 2 0 2 1   2.0
0 1 0 2 1 0 2   4.0
0 1 0 2 1 1 2   7.0
0 1 0 2 2 0 0   5.0
0 1 0 2 2 1 0   25.0
0 1 0 2 2 1 1   1.0
0 1 0 2 2 2 0   1.0
0 1 1 0 0 2 1   1.0
0 1 1 0 1 2 1   1.0
0 1 1 1 1 1 2   2.0
0 1 1 1 1 2 2   1.0
0 1 2 0 0 1 1   1.0
0 1 2 0 0 2 1   9.0
0 1 2 0 1 2 1   3.0
0 1 2 0 2 0 0   1.0
0 1 2 0 2 0 1   2.0
0 1 2 0 2 1 0   1.0
0 1 2 0 2 1 1   4.0
0 1 2 0 2 2 1   3.0
0 1 2 1 0 1 2   1.0
0 1 2 1 0 2 1   2.0
0 1 2 1 0 2 2   4.0
0 1 2 1 1 0 2   8.0
0 1 2 1 1 1 2   21.0
0 1 2 1 1 2 2   1.0
0 1 2 1 2 1 0   4.0
0 1 2 1 2 2 0   1.0
0 1 2 1 2 2 1   1.0
0 1 2 1 2 2 2   1.0
0 1 2 2 0 1 0   1.0
0 1 2 2 0 2 0   2.0
0 1 2 2 1 1 0   1.0
0 1 2 2 1 1 2   5.0
0 1 2 2 2 0 0   3.0
0 1 2 2 2 1 0   13.0
0 2 0 0 1 0 1   1.0
0 2 0 0 1 2 1   1.0
0 2 0 0 2 1 0   1.0
0 2 0 0 2 1 1   1.0
0 2 0 1 0 2 2   2.0
0 2 0 1 1 0 2   3.0
0 2 0 1 1 1 2   3.0
0 2 0 2 1 1 2   2.0
0 2 1 2 0 2 0   2.0
0 2 2 0 0 0 1   1.0
0 2 2 0 0 1 1   1.0
0 2 2 0 0 2 1   4.0
0 2 2 0 2 0 1   1.0
0 2 2 0 2 1 1   2.0
0 2 2 0 2 2 1   2.0
0 2 2 1 0 2 1   3.0
0 2 2 1 1 0 2   1.0
0 2 2 1 1 1 2   2.0
0 2 2 1 2 1 0   1.0
0 2 2 2 0 0 1   1.0
0 2 2 2 0 1 0   2.0
0 2 2 2 0 2 1   1.0
0 2 2 2 1 1 2   3.0
0 2 2 2 1 2 2   1.0
0 2 2 2 2 0 0   1.0
0 2 2 2 2 1 0   1.0
1 0 0 0 0 0 1   6.0
1 0 0 0 0 1 1   8.0
1 0 0 0 0 2 1   69.0
1 0 0 0 1 1 1   3.0
1 0 0 0 1 2 1   5.0
1 0 0 0 2 1 0   11.0
1 0 0 0 2 1 1   13.0
1 0 0 0 2 2 1   12.0
1 0 0 1 0 2 1   17.0
1 0 0 1 0 2 2   1.0
1 0 0 1 1 0 2   2.0
1 0 0 1 1 1 2   10.0
1 0 0 1 1 2 1   1.0
1 0 0 1 1 2 2   1.0
1 0 0 1 2 0 1   1.0
1 0 0 1 2 1 0   9.0
1 0 0 1 2 1 1   3.0
1 0 0 2 0 0 0   2.0
1 0 0 2 0 1 0   5.0
1 0 0 2 0 1 1   1.0
1 0 0 2 0 2 0   7.0
1 0 0 2 0 2 1   4.0
1 0 0 2 1 0 2   1.0
1 0 0 2 1 1 0   1.0
1 0 0 2 2 0 0   22.0
1 0 0 2 2 0 1   1.0
1 0 0 2 2 1 0   76.0
1 0 0 2 2 1 1   1.0
1 0 0 2 2 2 0   1.0
1 0 0 2 2 2 1   1.0
1 0 1 0 0 2 1   6.0
1 0 1 0 1 0 1   1.0
1 0 1 0 2 1 0   1.0
1 0 1 0 2 2 1   3.0
1 0 1 2 0 2 0   1.0
1 0 1 2 2 0 0   1.0
1 0 1 2 2 1 0   6.0
1 0 2 0 0 0 1   3.0
1 0 2 0 0 1 0   1.0
1 0 2 0 0 1 1   4.0
1 0 2 0 0 2 0   2.0
1 0 2 0 0 2 1   65.0
1 0 2 0 1 0 1   1.0
1 0 2 0 1 1 1   1.0
1 0 2 0 1 1 2   1.0
1 0 2 0 1 2 1   5.0
1 0 2 0 2 0 0   3.0
1 0 2 0 2 0 1   1.0
1 0 2 0 2 1 0   7.0
1 0 2 0 2 1 1   16.0
1 0 2 0 2 2 1   10.0
1 0 2 1 0 1 1   1.0
1 0 2 1 0 2 0   1.0
1 0 2 1 0 2 1   13.0
1 0 2 1 0 2 2   2.0
1 0 2 1 1 0 2   2.0
1 0 2 1 1 1 2   12.0
1 0 2 1 1 2 1   5.0
1 0 2 1 1 2 2   1.0
1 0 2 1 2 0 0   3.0
1 0 2 1 2 1 0   13.0
1 0 2 1 2 1 1   1.0
1 0 2 1 2 2 1   2.0
1 0 2 1 2 2 2   1.0
1 0 2 2 0 0 0   2.0
1 0 2 2 0 1 0   5.0
1 0 2 2 0 1 1   1.0
1 0 2 2 0 2 0   4.0
1 0 2 2 0 2 1   5.0
1 0 2 2 0 2 2   1.0
1 0 2 2 1 1 0   2.0
1 0 2 2 1 1 2   6.0
1 0 2 2 1 2 1   1.0
1 0 2 2 2 0 0   7.0
1 0 2 2 2 1 0   60.0
1 0 2 2 2 1 1   2.0
1 0 2 2 2 2 0   1.0
1 0 2 2 2 2 1   1.0
1 1 0 0 0 0 1   17.0
1 1 0 0 0 1 0   4.0
1 1 0 0 0 1 1   38.0
1 1 0 0 0 2 0   2.0
1 1 0 0 0 2 1   429.0
1 1 0 0 1 0 1   2.0
1 1 0 0 1 1 1   11.0
1 1 0 0 1 2 1   41.0
1 1 0 0 2 0 0   10.0
1 1 0 0 2 0 1   17.0
1 1 0 0 2 1 0   30.0
1 1 0 0 2 1 1   110.0
1 1 0 0 2 2 1   49.0
1 1 0 1 0 0 0   1.0
1 1 0 1 0 0 1   1.0
1 1 0 1 0 1 0   2.0
1 1 0 1 0 1 1   3.0
1 1 0 1 0 1 2   1.0
1 1 0 1 0 2 0   3.0
1 1 0 1 0 2 1   74.0
1 1 0 1 0 2 2   6.0
1 1 0 1 1 0 2   8.0
1 1 0 1 1 1 0   1.0
1 1 0 1 1 1 1   2.0
1 1 0 1 1 1 2   73.0
1 1 0 1 1 2 1   6.0
1 1 0 1 1 2 2   4.0
1 1 0 1 2 0 0   7.0
1 1 0 1 2 0 1   4.0
1 1 0 1 2 1 0   56.0
1 1 0 1 2 1 1   12.0
1 1 0 1 2 1 2   4.0
1 1 0 1 2 2 1   5.0
1 1 0 2 0 0 0   6.0
1 1 0 2 0 0 1   1.0
1 1 0 2 0 1 0   36.0
1 1 0 2 0 1 1   4.0
1 1 0 2 0 2 0   22.0
1 1 0 2 0 2 1   26.0
1 1 0 2 0 2 2   1.0
1 1 0 2 1 0 2   3.0
1 1 0 2 1 1 0   6.0
1 1 0 2 1 1 1   1.0
1 1 0 2 1 1 2   7.0
1 1 0 2 1 2 0   4.0
1 1 0 2 2 0 0   71.0
1 1 0 2 2 0 1   1.0
1 1 0 2 2 1 0   415.0
1 1 0 2 2 1 1   9.0
1 1 0 2 2 2 0   11.0
1 1 0 2 2 2 1   3.0
1 1 1 0 0 1 1   1.0
1 1 1 0 0 2 1   8.0
1 1 1 0 1 2 1   1.0
1 1 1 0 2 1 0   1.0
1 1 1 0 2 1 1   6.0
1 1 1 1 0 2 1   4.0
1 1 1 1 1 0 0   1.0
1 1 1 1 1 1 2   1.0
1 1 1 1 2 1 0   2.0
1 1 1 1 2 1 2   1.0
1 1 1 1 2 2 1   1.0
1 1 1 2 0 0 0   1.0
1 1 1 2 0 1 0   1.0
1 1 1 2 1 1 0   1.0
1 1 1 2 1 1 2   1.0
1 1 1 2 2 0 0   4.0
1 1 1 2 2 1 0   10.0
1 1 2 0 0 0 1   1.0
1 1 2 0 0 1 0   1.0
1 1 2 0 0 1 1   4.0
1 1 2 0 0 2 1   91.0
1 1 2 0 1 1 1   2.0
1 1 2 0 1 2 1   7.0
1 1 2 0 2 0 0   1.0
1 1 2 0 2 0 1   2.0
1 1 2 0 2 1 0   7.0
1 1 2 0 2 1 1   21.0
1 1 2 0 2 2 1   20.0
1 1 2 1 0 0 1   2.0
1 1 2 1 0 1 0   1.0
1 1 2 1 0 1 1   2.0
1 1 2 1 0 2 1   14.0
1 1 2 1 0 2 2   2.0
1 1 2 1 1 0 2   2.0
1 1 2 1 1 1 2   15.0
1 1 2 1 1 2 0   1.0
1 1 2 1 1 2 2   1.0
1 1 2 1 2 0 0   2.0
1 1 2 1 2 1 0   10.0
1 1 2 1 2 1 1   3.0
1 1 2 1 2 1 2   1.0
1 1 2 1 2 2 1   3.0
1 1 2 2 0 0 0   3.0
1 1 2 2 0 0 1   1.0
1 1 2 2 0 1 0   5.0
1 1 2 2 0 1 1   1.0
1 1 2 2 0 2 0   5.0
1 1 2 2 0 2 1   4.0
1 1 2 2 0 2 2   2.0
1 1 2 2 1 0 0   1.0
1 1 2 2 1 1 0   2.0
1 1 2 2 1 1 2   2.0
1 1 2 2 2 0 0   13.0
1 1 2 2 2 1 0   84.0
1 1 2 2 2 1 1   3.0
1 1 2 2 2 2 0   1.0
1 2 0 0 0 1 1   2.0
1 2 0 0 0 2 1   19.0
1 2 0 0 1 0 1   1.0
1 2 0 0 2 0 0   1.0
1 2 0 0 2 1 0   4.0
1 2 0 0 2 1 1   6.0
1 2 0 0 2 2 1   1.0
1 2 0 1 0 2 1   2.0
1 2 0 1 0 2 2   1.0
1 2 0 1 1 1 2   4.0
1 2 0 1 2 0 1   1.0
1 2 0 1 2 1 0   4.0
1 2 0 2 0 1 0   2.0
1 2 0 2 0 2 0   2.0
1 2 0 2 0 2 1   1.0
1 2 0 2 1 0 0   1.0
1 2 0 2 1 1 2   1.0
1 2 0 2 2 0 0   4.0
1 2 0 2 2 1 0   21.0
1 2 0 2 2 2 0   1.0
1 2 1 0 0 1 1   1.0
1 2 1 0 1 2 1   1.0
1 2 1 1 1 0 2   1.0
1 2 1 2 2 1 0   2.0
1 2 2 0 0 0 1   1.0
1 2 2 0 0 1 1   1.0
1 2 2 0 0 2 1   9.0
1 2 2 0 2 1 0   2.0
1 2 2 0 2 2 1   3.0
1 2 2 1 0 2 1   2.0
1 2 2 1 1 1 2   1.0
1 2 2 2 0 1 0   1.0
1 2 2 2 0 2 0   1.0
1 2 2 2 1 1 2   1.0
1 2 2 2 2 0 0   1.0
1 2 2 2 2 1 0   11.0
2 0 0 0 0 2 1   3.0
2 0 0 0 1 1 2   3.0
2 0 0 1 0 0 2   2.0
2 0 0 1 0 1 2   2.0
2 0 0 1 0 2 2   8.0
2 0 0 1 1 0 2   16.0
2 0 0 1 1 1 2   84.0
2 0 0 1 1 2 2   9.0
2 0 0 1 2 0 2   1.0
2 0 0 1 2 1 2   3.0
2 0 0 1 2 2 2   1.0
2 0 0 2 0 1 2   1.0
2 0 0 2 0 2 2   2.0
2 0 0 2 1 0 2   3.0
2 0 0 2 1 1 2   18.0
2 0 0 2 2 1 0   1.0
2 0 0 2 2 2 2   1.0
2 0 1 0 1 2 1   1.0
2 0 1 1 0 2 2   2.0
2 0 1 1 1 0 2   2.0
2 0 1 1 1 1 2   12.0
2 0 1 2 1 1 2   3.0
2 0 2 0 0 0 1   2.0
2 0 2 0 0 1 1   1.0
2 0 2 0 0 2 1   4.0
2 0 2 0 1 1 2   1.0
2 0 2 0 2 1 1   1.0
2 0 2 0 2 2 1   1.0
2 0 2 1 0 0 2   1.0
2 0 2 1 0 2 2   5.0
2 0 2 1 1 0 2   10.0
2 0 2 1 1 1 2   74.0
2 0 2 1 1 2 2   3.0
2 0 2 1 2 1 0   1.0
2 0 2 1 2 2 2   1.0
2 0 2 2 0 2 2   1.0
2 0 2 2 1 0 2   1.0
2 0 2 2 1 1 2   7.0
2 0 2 2 1 2 2   1.0
2 0 2 2 2 1 0   2.0
2 0 2 2 2 1 1   1.0
2 0 2 2 2 1 2   2.0
2 0 2 2 2 2 2   1.0
2 1 0 0 0 0 1   1.0
2 1 0 0 0 2 1   6.0
2 1 0 0 1 1 2   4.0
2 1 0 0 2 0 0   1.0
2 1 0 0 2 1 0   1.0
2 1 0 0 2 1 1   1.0
2 1 0 1 0 0 2   2.0
2 1 0 1 0 1 2   9.0
2 1 0 1 0 2 2   74.0
2 1 0 1 1 0 2   71.0
2 1 0 1 1 1 2   553.0
2 1 0 1 1 2 0   1.0
2 1 0 1 1 2 2   29.0
2 1 0 1 2 0 0   1.0
2 1 0 1 2 0 2   3.0
2 1 0 1 2 1 1   1.0
2 1 0 1 2 1 2   16.0
2 1 0 1 2 2 2   12.0
2 1 0 2 0 1 2   3.0
2 1 0 2 0 2 2   9.0
2 1 0 2 1 0 2   15.0
2 1 0 2 1 1 0   1.0
2 1 0 2 1 1 2   88.0
2 1 0 2 1 2 2   5.0
2 1 0 2 2 1 0   6.0
2 1 0 2 2 1 2   6.0
2 1 1 1 0 2 2   2.0
2 1 1 1 1 0 2   1.0
2 1 1 1 1 1 2   8.0
2 1 1 1 2 1 2   1.0
2 1 1 2 0 2 2   1.0
2 1 1 2 1 0 2   1.0
2 1 1 2 1 1 2   2.0
2 1 2 0 0 1 1   1.0
2 1 2 0 0 2 1   1.0
2 1 2 0 2 1 1   1.0
2 1 2 0 2 2 1   1.0
2 1 2 1 0 1 2   4.0
2 1 2 1 0 2 2   9.0
2 1 2 1 1 0 2   11.0
2 1 2 1 1 1 2   125.0
2 1 2 1 1 2 2   6.0
2 1 2 1 2 1 0   1.0
2 1 2 1 2 1 2   4.0
2 1 2 1 2 2 2   3.0
2 1 2 2 0 2 2   1.0
2 1 2 2 1 0 2   1.0
2 1 2 2 1 1 2   13.0
2 1 2 2 1 2 2   1.0
2 1 2 2 2 0 2   1.0
2 1 2 2 2 1 0   4.0
2 1 2 2 2 1 2   1.0
2 2 0 0 2 1 1   1.0
2 2 0 1 0 1 2   1.0
2 2 0 1 0 2 2   4.0
2 2 0 1 1 0 2   2.0
2 2 0 1 1 1 2   29.0
2 2 0 1 1 2 2   1.0
2 2 0 1 2 1 2   2.0
2 2 0 2 0 2 1   1.0
2 2 0 2 1 0 2   3.0
2 2 0 2 1 1 2   5.0
2 2 0 2 2 1 0   1.0
2 2 1 1 1 1 2   3.0
2 2 2 1 0 2 2   2.0
2 2 2 1 1 0 2   2.0
2 2 2 1 1 1 2   6.0
2 2 2 2 1 1 2   1.0
//Total count: 5000.0
