0.9419035846724351
0.9190897597977244
0.9312977099236641
0.942998760842627
0.9223300970873787
0.9189526184538653
0.9085439229843562
0.9472295514511874
0.9276236429433052
0.9149746192893401
0.9253365973072215
0.9216417910447762
0.9240506329113924
0.9203655352480418
0.9356796116504854
0.9346733668341709
0.9394773039889959
0.932415519399249
0.9352869352869353
0.9249394673123487
0.9352428393524284
0.9136690647482014
0.90875
0.923739237392374
0.9230769230769231
0.9330855018587361
0.926412614980289
0.9339152119700748
0.918757467144564
0.920253164556962
0.9190600522193212
0.9280205655526992
0.9381953028430161
0.919496855345912
0.9205548549810845
0.948780487804878
0.9293820933165196
0.9546599496221663
0.9254658385093167
0.9234393404004712
0.9296116504854369
0.9255050505050505
0.9312977099236641
0.9166666666666666
0.9415670650730412
0.933570581257414
0.9393548387096774
0.9354413702239789
0.9372599231754162
0.9307048984468339
0.9012345679012346
0.9347290640394089
0.9433962264150944
0.9310344827586207
0.9488428745432399
0.9508816120906801
0.9316455696202531
0.9223057644110275
0.9368131868131868
0.9352331606217616
0.9382716049382716
0.937733499377335
0.9428223844282239
0.9364005412719891
0.9111389236545682
0.9408138101109741
0.9547123623011016
0.9353562005277045
0.9258793969849246
0.9281129653401797
0.9288486416558862
0.9302325581395349
0.928654970760234
0.946987951807229
0.9297820823244553
0.9347258485639687
0.9235511713933415
0.9106918238993711
0.9205128205128205
0.9313358302122348
0.9211886304909561
0.9341085271317829
0.928391959798995
0.9305389221556887
0.926923076923077
0.9198966408268734
0.92875
0.9332509270704573
0.9116161616161617
0.9228915662650602
0.9328358208955224
0.9426129426129426
0.929845422116528
0.9333333333333333
0.9425
0.9227941176470589
0.9339853300733496
0.918954248366013
0.9402439024390243
0.9352078239608802
0.912718204488778
0.9286624203821656
0.9258312020460358
0.912718204488778
0.9369592088998764
0.9302915082382763
0.926208651399491
0.9469026548672567
0.9357682619647355
0.9266750948166877
0.9370277078085643
0.9275730622617535
0.9159347553324969
0.9168765743073047
0.9366197183098591
0.9186602870813397
0.9291139240506329
0.9175757575757576
0.9380530973451328
0.929845422116528
0.9400798934753661
0.9285714285714286
0.9306930693069307
0.9301675977653632
0.9334945586457074
0.9256926952141058
0.9361179361179361
0.9374217772215269
0.9153645833333334
0.9243379571248423
0.9261576971214017
0.9356014580801945
0.9287564766839378
0.9228944246737841
0.9305912596401028
0.9316770186335404
0.929171668667467
0.9256844850065189
0.9449760765550239
0.9020100502512562
0.9259708737864077
0.9340659340659341
0.9253910950661853
0.9335106382978723
0.9396325459317585
0.9343434343434344
0.9290865384615384
0.9196988707653702
0.9152759948652118
0.9106918238993711
0.944372574385511
0.930628272251309
0.9462227912932138
0.9276960784313726
0.933253873659118
0.9417218543046357
0.9290012033694344
0.9365918097754293
0.8991172761664565
0.9306071871127634
0.9365269461077844
0.9215686274509803
0.927027027027027
0.9380421313506815
0.9357142857142857
0.904881101376721
0.9221938775510204
0.9435897435897436
0.9329896907216495
0.9390986601705238
0.939622641509434
0.9196988707653702
0.9194711538461539
0.9367396593673966
0.9416983523447402
0.9256505576208178
0.9375
0.9253164556962026
0.9318766066838047
0.9328859060402684
0.9348109517601043
0.9298245614035088
0.9354838709677419
0.9190897597977244
0.9358533791523482
0.9289544235924933
0.9288256227758007
0.9263657957244655
0.932415519399249
0.9240963855421687
0.9193742478941035
0.922722029988466
0.9099099099099099
0.9457070707070707
0.9232736572890026
0.9381443298969072
0.9394703656998739
0.9231770833333334
0.9431680773881499
0.9328358208955224
0.9187192118226601
0.9387755102040817
0.9111969111969112
0.9242618741976893
0.9297365119196989
0.9093198992443325
0.9246487867177522
0.9208899876390606
0.9171974522292994
0.9163679808841099
0.924380704041721
0.9151898734177215
0.9193954659949622
0.9266409266409267
0.9403166869671132
0.9315403422982885
0.926489226869455
0.9144654088050315
0.9209183673469388
0.9301745635910225
0.9210526315789473
0.9158536585365854
0.9312039312039312
0.9330199764982373
0.933253873659118
0.9191438763376932
0.9279176201372997
0.932349323493235
0.9157372986369269
0.9284833538840938
0.9295942720763724
0.9396662387676509
0.9326923076923077
0.93375
0.9140722291407223
0.9274292742927429
0.9267352185089974
0.931592039800995
0.9269521410579346
0.9195121951219513
0.9279393173198482
0.9253012048192771
0.9378109452736318
0.9243379571248423
0.9175
0.9322660098522167
0.9306431273644389
0.9216646266829865
0.9329896907216495
0.9441624365482234
0.9344660194174758
0.9235668789808917
0.9390862944162437
0.9362808842652796
0.9429280397022333
0.9442379182156134
0.9340232858990944
0.927360774818402
0.9456118665018541
0.9333333333333333
0.9261992619926199
0.9291044776119403
0.9285714285714286
0.9232643118148599
0.9214026602176542
0.9292682926829269
0.9422336328626444
0.9400749063670412
0.9113428943937418
0.9207161125319693
0.932741116751269
0.9328358208955224
0.9436274509803921
0.9363636363636364
0.9251870324189526
0.9348894348894349
0.9273885350318471
0.9329113924050633
0.921968787515006
0.9426336375488917
0.9220297029702971
0.9303178484107579
0.9241645244215938
0.9341614906832298
0.9321382842509603
0.9212792127921279
0.9304677623261695
0.937733499377335
0.9087353324641461
0.9363636363636364
0.935361216730038
0.9261501210653753
0.9324675324675324
0.9210174029451138
0.9377289377289377
0.9306071871127634
0.9229781771501926
0.9301470588235294
0.929192546583851
0.9239401496259352
0.9159120310478654
0.945679012345679
0.9183937823834197
0.9382857142857143
0.9249422632794457
0.9313358302122348
0.9371859296482412
0.9243027888446215
0.9291338582677166
0.932741116751269
0.9420849420849421
0.9428918590522479
0.9267973856209151
0.9395886889460154
0.9242424242424242
0.9214723926380368
0.9402241594022416
0.9251968503937008
0.9260204081632653
0.9109756097560976
0.9224489795918367
0.9445843828715366
0.9242424242424242
0.9459119496855346
0.9153754469606674
0.9272959183673469
0.9345911949685535
0.9372647427854455
0.93099121706399
0.927120669056153
0.9316770186335404
0.9363057324840764
0.9527272727272728
0.9321382842509603
0.92336217552534
0.9340937896070975
0.9299363057324841
0.9254901960784314
0.9450686641697877
0.9510939510939511
0.927710843373494
0.933997509339975
0.9331651954602774
0.9297163995067818
0.909310761789601
0.9336670838548186
0.9214195183776933
0.925089179548157
0.9363395225464191
0.9299363057324841
0.9197530864197531
0.932415519399249
0.9243379571248423
0.9197930142302717
0.9391304347826087
0.9110546378653113
0.9379217273954116
0.9354037267080745
0.9218559218559218
0.9235294117647059
0.9340232858990944
0.9402439024390243
0.94
0.9364461738002594
0.9237611181702668
0.9381313131313131
0.9420103092783505
0.9416983523447402
0.9146341463414634
0.9272271016311167
0.9318181818181818
0.9176626826029216
0.9307875894988067
0.9276807980049875
0.934260429835651
0.9008674101610905
0.9213483146067416
0.9278350515463918
0.9325236167341431
0.9292035398230089
0.9201995012468828
0.9328263624841572
0.9416243654822335
0.9282115869017632
0.9227895392278954
0.9318463444857497
0.9295039164490861
0.9382716049382716
0.9187817258883249
0.9339263024142312
0.9150717703349283
0.9313725490196079
0.9375
0.9416243654822335
0.9386973180076629
0.9336670838548186
0.9263565891472868
0.9337931034482758
0.9231722428748451
0.9154411764705882
0.9396662387676509
0.9360100376411543
0.9164556962025316
0.9263285024154589
0.9385194479297365
0.9317904993909866
0.93125
0.9313358302122348
0.9259757738896366
0.9206939281288724
0.92875
0.939820742637644
0.9361147327249022
0.9421686746987952
0.9205128205128205
0.9268897149938042
0.9299123904881101
0.9307304785894207
0.9305210918114144
0.9386792452830188
0.9346733668341709
0.9567901234567902
0.924433249370277
0.9085365853658537
0.938382541720154
0.9366626065773447
0.9284833538840938
0.9138149556400507
0.916445623342175
0.933420365535248
0.9301143583227446
0.9395807644882861
0.9055627425614489
0.9349881796690307
0.945321992709599
0.9198966408268734
0.9264705882352942
0.9271604938271605
0.9265060240963855
0.9206161137440758
0.9303547963206308
0.9346153846153846
0.9159001314060446
0.9195402298850575
0.9290240811153359
0.9312977099236641
0.9306930693069307
0.9343832020997376
0.941031941031941
0.9374217772215269
0.9120879120879121
0.9246658566221142
0.946949602122016
0.9122137404580153
0.9139504563233377
0.9090909090909091
0.9265605875152999
0.9348958333333334
0.929757343550447
0.9328947368421052
0.9436274509803921
0.9031847133757962
0.9236739974126779
0.9242618741976893
0.914043583535109
0.9227941176470589
0.9350490196078431
0.9242979242979243
0.9319899244332494
0.9261083743842364
0.9345314505776636
0.9436795994993742
0.9215189873417722
0.9294871794871795
0.9428571428571428
0.9296296296296296
0.931924882629108
0.9205378973105135
0.9212792127921279
0.9281129653401797
0.9191270860077022
0.93375
0.9314079422382672
0.9075425790754258
0.9247448979591837
0.9250317662007624
0.939622641509434
0.9192307692307692
0.9408602150537635
0.9343629343629344
0.9309494451294698
0.9298029556650246
0.9388535031847134
0.9334140435835351
0.9366754617414248
0.929368029739777
0.9310761789600968
0.9343434343434344
0.9260204081632653
0.9413233458177278
0.9110275689223057
0.9285714285714286
0.9314720812182741
0.9334140435835351
0.9262899262899262
0.9228944246737841
0.9213483146067416
0.9307692307692308
0.9218543046357616
0.9142156862745098
0.9187817258883249
0.9256410256410257
0.9337423312883436
0.9497422680412371
0.9074299634591961
0.9259259259259259
0.9252336448598131
0.9437340153452686
0.9121951219512195
0.918075422626788
0.929192546583851
0.9235511713933415
0.9302030456852792
0.9348659003831418
0.9373401534526854
0.9257362355953905
0.91625
0.9158291457286433
0.9066496163682864
0.9181141439205955
0.9136253041362531
0.9400977995110025
0.9296482412060302
0.9283980582524272
0.9182630906768838
0.9205548549810845
0.9168765743073047
0.9112207151664612
0.9178433889602053
0.9411764705882353
0.9200507614213198
0.9198473282442748
0.9327296248382924
0.9173967459324155
0.9198998748435544
0.9372599231754162
0.9236641221374046
0.9354838709677419
0.9340796019900498
0.9375796178343949
0.9421052631578948
0.9143576826196473
0.9367396593673966
0.90875
0.9285714285714286
0.9325153374233128
0.9356060606060606
0.9367245657568238
0.9336609336609336
0.9222222222222223
0.9258777633289987
0.9338327091136079
0.9144893111638955
0.941025641025641
0.9483627204030227
0.9296116504854369
0.9206730769230769
0.922077922077922
0.918918918918919
0.93279258400927
0.9297365119196989
0.9153439153439153
0.9203539823008849
0.9279393173198482
0.9359477124183007
0.9350490196078431
0.9346485819975339
0.9230769230769231
0.9225352112676056
0.9266409266409267
0.9425427872860636
0.9387514723203769
0.9381313131313131
0.9355670103092784
0.947242206235012
0.9390681003584229
0.9277566539923955
0.9304677623261695
0.9434889434889435
0.946078431372549
0.923469387755102
0.9438902743142145
0.913953488372093
0.905440414507772
0.9239904988123515
0.9277566539923955
0.9342783505154639
0.9414575866188769
0.9305019305019305
0.9308252427184466
0.9435957696827262
0.9145299145299145
0.9298892988929889
0.9489414694894147
0.9269521410579346
0.9542079207920792
0.9351285189718482
0.9230769230769231
0.9343434343434344
0.9360393603936039
0.9250585480093677
0.9253910950661853
0.9346991037131882
0.9351620947630923
0.9424280350438048
0.926412614980289
0.9244114002478315
0.92
0.9358151476251605
0.9383155397390273
0.9230769230769231
0.9236739974126779
0.9230769230769231
0.9345088161209067
0.9301775147928995
0.9282920469361148
0.9288343558282208
0.9330808080808081
0.9169859514687101
0.9354445797807551
0.93125
0.9398976982097187
0.9218950064020487
0.913659793814433
0.916058394160584
0.9282970550576184
0.9245982694684796
0.9239543726235742
0.9213483146067416
0.9235668789808917
0.9325699745547074
0.9306071871127634
0.927916120576671
0.9097938144329897
0.9190600522193212
0.9127686472819216
0.9023199023199023
0.9322033898305084
0.926829268292683
0.9314720812182741
0.9321148825065274
0.9299363057324841
0.9232643118148599
0.9465648854961832
0.9158291457286433
0.9188144329896907
0.9260204081632653
0.9213197969543148
0.9567827130852341
0.938337801608579
0.9272030651340997
0.9216710182767625
0.9031007751937985
0.9303482587064676
0.9314720812182741
0.9322250639386189
0.924317617866005
0.9413833528722158
0.9276960784313726
0.934918648310388
0.9359903381642513
0.9322660098522167
0.9302615193026152
0.9270334928229665
0.9273399014778325
0.9250317662007624
0.9197994987468672
0.9346485819975339
0.9174078780177891
0.9407496977025392
0.9368029739776952
0.9185282522996058
0.9218559218559218
0.9159456118665018
0.9281984334203656
0.926261319534282
0.9279503105590062
0.9403183023872679
0.9326424870466321
0.9123252858958069
0.9408672798948752
0.9261501210653753
0.9445754716981132
0.9328947368421052
0.9218934911242603
0.9234629861982434
0.9344262295081968
0.9273809523809524
0.9442467378410438
0.9427860696517413
0.9320148331273177
0.9341935483870968
0.9284848484848485
0.9202988792029888
0.9121706398996235
0.9110840438489647
0.9296482412060302
0.9514925373134329
0.937007874015748
0.9319640564826701
0.9302325581395349
0.9390402075226978
0.9491740787801779
0.9126794258373205
0.9346153846153846
0.9188861985472155
0.9159120310478654
0.933852140077821
0.933588761174968
0.9287531806615776
0.9410222804718218
0.9353658536585366
0.9208542713567839
0.9322033898305084
0.9188144329896907
0.9353169469598965
0.92
0.9345088161209067
0.912932138284251
0.9460122699386503
0.9422110552763819
0.9238578680203046
0.924223602484472
0.9350490196078431
0.9128137384412153
0.9210191082802548
0.9222222222222223
0.9441687344913151
0.9282115869017632
0.9305724725943971
0.9463840399002493
0.9295774647887324
0.9223684210526316
0.9158031088082902
0.9299123904881101
0.9421593830334191
0.9261146496815287
0.9430992736077481
0.9330808080808081
0.9392812887236679
0.9338842975206612
0.922093023255814
0.9290161892901619
0.9336734693877551
0.9396135265700483
0.9238210399032648
0.9282115869017632
0.9406565656565656
0.9324487334137516
0.925280199252802
0.9517601043024772
0.9239263803680982
0.9493827160493827
0.9274292742927429
0.9403553299492385
0.9364675984752223
0.9261658031088082
0.94026284348865
0.93099121706399
0.9246658566221142
0.9281129653401797
0.937007874015748
0.9210866752910737
0.9345088161209067
0.9382093316519546
0.9277708592777086
0.9454770755885997
0.9330024813895782
0.9226993865030675
0.9274292742927429
0.9295958279009127
0.9439490445859873
0.9338327091136079
0.9347826086956522
0.9173967459324155
0.9255583126550868
0.9352078239608802
0.93424317617866
0.9352331606217616
0.9319899244332494
0.9256410256410257
0.939729397293973
0.917989417989418
0.9221938775510204
0.9144385026737968
0.9170854271356784
0.9215686274509803
0.9154929577464789
0.9267676767676768
0.9367396593673966
0.9344059405940595
0.9319640564826701
0.9288214702450408
0.9301143583227446
0.9254498714652957
0.9196185286103542
0.9358024691358025
0.9218362282878412
0.931266846361186
0.932934131736527
0.9440389294403893
0.9277708592777086
0.9327731092436975
0.9343434343434344
0.9326556543837357
0.9271356783919598
0.9305019305019305
0.9362214199759326
0.9136253041362531
0.9206549118387909
0.9372738238841978
0.9390402075226978
0.9324324324324325
0.9354005167958657
0.9261576971214017
0.9597989949748744
0.9325153374233128
0.9472329472329473
0.9441687344913151
0.9167717528373266
0.934260429835651
0.910371318822023
0.9366106080206986
0.9379746835443038
0.9489528795811518
0.9456384323640961
0.9254278728606357
0.9245524296675192
0.9298892988929889
0.918954248366013
0.936969696969697
0.9202898550724637
0.9327521793275217
0.9288343558282208
0.9344473007712082
0.9254901960784314
0.917910447761194
0.9441624365482234
0.9396662387676509
0.9336550060313631
0.9257425742574258
0.9143610013175231
0.9158291457286433
0.92336217552534
0.925392670157068
0.9343434343434344
0.9226932668329177
0.9374185136897001
0.9147465437788018
0.9298669891172914
0.9285714285714286
0.9203431372549019
0.9390681003584229
0.9401709401709402
0.9188191881918819
0.9159235668789809
0.9451073985680191
0.9017412935323383
0.9224242424242424
0.9083665338645418
0.9137055837563451
0.9434194341943419
0.9114077669902912
0.92336217552534
0.923728813559322
0.930778739184178
0.9478260869565217
0.9242618741976893
0.9214195183776933
0.948019801980198
0.934010152284264
0.928391959798995
0.9213197969543148
0.9259259259259259
0.9308578745198464
0.9205548549810845
0.9236739974126779
0.9232704402515723
0.940959409594096
0.9312581063553826
0.9281210592686002
0.9308578745198464
0.9279279279279279
0.928743961352657
0.9272503082614056
0.9348958333333334
0.9298245614035088
0.9369482976040353
0.9355246523388117
0.9252450980392157
0.9306071871127634
0.9405815423514539
0.9282115869017632
0.9304029304029304
0.9199029126213593
0.937424789410349
0.9263024142312579
0.9355638166047088
0.9355246523388117
0.9306071871127634
0.9279393173198482
0.9060150375939849
0.9376528117359413
0.9413919413919414
0.9304556354916067
0.9312039312039312
0.9401913875598086
0.9242424242424242
0.9200507614213198
0.9163498098859315
0.9387755102040817
0.9224704336399474
0.9236842105263158
0.918918918918919
0.9239401496259352
0.9436795994993742
0.9270166453265045
0.9340937896070975
0.9311258278145695
0.9271356783919598
0.9299516908212561
0.928391959798995
0.9217809867629362
0.9166666666666666
0.9169675090252708
0.926489226869455
0.9313850063532402
0.9196185286103542
0.9239401496259352
0.927007299270073
0.9274193548387096
0.93
0.9344262295081968
0.9348370927318296
0.929559748427673
0.9155107187894073
0.9098873591989988
0.9339263024142312
0.932349323493235
0.9211514392991239
0.9219143576826196
0.9264705882352942
0.9338422391857506
0.9411764705882353
0.9365269461077844
0.9419035846724351
0.9273885350318471
0.9253012048192771
0.9390088945362135
0.9234629861982434
0.9384236453201971
0.9390402075226978
0.9243498817966903
0.9419753086419753
0.9369592088998764
0.9235588972431078
0.9425587467362925
0.9285714285714286
0.9266169154228856
0.9173754556500607
0.9116883116883117
0.940337224383917
0.9096692111959288
0.918444165621079
0.9354838709677419
0.9364881693648817
0.9275549805950841
0.9288389513108615
0.9341463414634147
0.9294554455445545
0.941320293398533
0.9129411764705883
0.9255189255189256
0.9374201787994891
0.9295426452410384
0.9222222222222223
0.9275549805950841
0.9349112426035503
0.931758530183727
0.9223181257706535
0.9149214659685864
0.9319899244332494
0.927570093457944
0.9152970922882427
0.9119496855345912
0.9396863691194209
0.9226804123711341
0.9320754716981132
0.9148936170212766
0.9278481012658227
