0.844319775596073
0.870722433460076
0.8714622641509434
0.8657105606258149
0.8676470588235294
0.8856799037304453
0.8904458598726115
0.8732212160413971
0.880201765447667
0.8764331210191083
0.8584183673469388
0.8736330498177399
0.8828606658446363
0.8915816326530612
0.8845265588914549
0.8882211538461539
0.872366790582404
0.8824273072060683
0.8935897435897436
0.8891625615763546
0.8930412371134021
0.8702290076335878
0.8790322580645161
0.8958611481975968
0.8724489795918368
0.8965936739659367
0.851985559566787
0.8589743589743589
0.8776266996291718
0.8875154511742892
0.8828025477707007
0.8945362134688691
0.8764331210191083
0.8871391076115486
0.8806366047745358
0.8920521945432978
0.8653113087674714
0.8624678663239075
0.9035087719298246
0.8623188405797102
0.8956975228161669
0.8811881188118812
0.8763769889840881
0.8914919852034525
0.875609756097561
0.8833967046894804
0.8865069356872636
0.872996300863132
0.8754669987546699
0.8952134540750324
0.8732572877059569
0.8825622775800712
0.8613138686131386
0.8653366583541147
0.8558558558558559
0.8910411622276029
0.875968992248062
0.8847087378640777
0.8575096277278562
0.8774193548387097
0.8777070063694268
0.8902291917973462
0.8868613138686131
0.88
0.8423841059602649
0.8582089552238806
0.865265760197775
0.879245283018868
0.8622448979591837
0.8646986469864698
0.9017412935323383
0.8898514851485149
0.8747099767981439
0.8861892583120204
0.8793103448275862
0.8787515006002401
0.8934624697336562
0.8507281553398058
0.8573281452658884
0.8636363636363636
0.8679012345679012
0.8899637243047158
0.875784190715182
0.8736059479553904
0.8693333333333333
0.888755980861244
0.8872549019607843
0.8466494845360825
0.8712871287128713
0.8649681528662421
0.8760631834750912
0.8730964467005076
0.8764186633039092
0.8727735368956743
0.9072039072039072
0.8884934756820878
0.8727050183598531
0.8794233289646134
0.8798017348203222
0.8938271604938272
0.8785900783289817
0.8686224489795918
0.8897243107769424
0.8613607188703466
0.855146124523507
0.8712871287128713
0.8819188191881919
0.883419689119171
0.8622828784119106
0.8684834123222749
0.8688725490196079
0.8655043586550436
0.8861578266494179
0.89119804400978
0.8688725490196079
0.8634686346863468
0.8728606356968215
0.8883312421580929
0.8701134930643127
0.8819875776397516
0.8727705112960761
0.8656527249683144
0.8878748370273793
0.881201044386423
0.8930412371134021
0.8831488314883149
0.8679012345679012
0.8711734693877551
0.8616751269035533
0.8830694275274056
0.881201044386423
0.877892030848329
0.8614609571788413
0.8794416243654822
0.8697916666666666
0.866581956797967
0.8725247524752475
0.8754669987546699
0.875968992248062
0.8580562659846548
0.8817733990147784
0.885678391959799
0.8549222797927462
0.8879093198992444
0.8700834326579261
0.8927613941018767
0.8784461152882206
0.8857509627727856
0.8508997429305912
0.8504326328800988
0.8456632653061225
0.8310387984981227
0.864
0.865359477124183
0.8825622775800712
0.8596713021491783
0.8792207792207792
0.8694581280788177
0.8753180661577609
0.8804780876494024
0.8810126582278481
0.8907242693773825
0.8809831824062095
0.8741976893453145
0.86375
0.8858218318695107
0.8762755102040817
0.8683886838868389
0.8710089399744572
0.8740831295843521
0.8517110266159695
0.9017199017199017
0.8728395061728395
0.8716302952503209
0.9013732833957553
0.881201044386423
0.870049504950495
0.8802902055622733
0.8732227488151659
0.8878378378378379
0.8666666666666667
0.8717310087173101
0.870063694267516
0.8678237650200267
0.865211810012837
0.8836915297092288
0.8682559598494354
0.8981366459627329
0.8934531450577664
0.8768656716417911
0.8884848484848484
0.8624678663239075
0.9019337016574586
0.8707653701380176
0.870049504950495
0.8862793572311496
0.8759036144578313
0.8542963885429639
0.8972691807542262
0.8707653701380176
0.8828947368421053
0.882051282051282
0.8473091364205256
0.8819714656290532
0.8689567430025446
0.8838383838383839
0.8781725888324873
0.8913043478260869
0.8880105401844532
0.86489898989899
0.8692493946731235
0.8818181818181818
0.8685857321652065
0.8785714285714286
0.8764331210191083
0.8877805486284289
0.8881829733163914
0.8778718258766627
0.8950542822677925
0.8682170542635659
0.8745294855708908
0.8647642679900744
0.8731343283582089
0.8829268292682927
0.8638083228247163
0.8547770700636943
0.8907168037602821
0.8848484848484849
0.8944099378881988
0.883578431372549
0.8677792041078306
0.8775757575757576
0.8682170542635659
0.8631319358816276
0.8795483061480552
0.8878394332939787
0.8861256544502618
0.8765743073047859
0.8942675159235669
0.8816276202219482
0.8783610755441741
0.8480519480519481
0.8794587945879458
0.8791615289765722
0.8553299492385786
0.8768115942028986
0.879948914431673
0.8936959208899876
0.8776266996291718
0.8748435544430538
0.8788249694002448
0.8767772511848341
0.8801955990220048
0.8825806451612903
0.8818181818181818
0.8535353535353535
0.8781973203410475
0.8631840796019901
0.8779904306220095
0.8717948717948718
0.8748435544430538
0.8594132029339854
0.861904761904762
0.8772563176895307
0.89119804400978
0.8789473684210526
0.8820445609436435
0.8634639696586599
0.8956975228161669
0.8825806451612903
0.8685567010309279
0.8864229765013055
0.8947368421052632
0.8614232209737828
0.876657824933687
0.8805970149253731
0.8779576587795765
0.8875816993464052
0.8760429082240763
0.8631840796019901
0.8745148771021992
0.8754623921085081
0.8842239185750637
0.8731343283582089
0.8898847631241997
0.8865710560625815
0.8731707317073171
0.8782051282051282
0.875
0.8716645489199492
0.8786407766990292
0.8575197889182058
0.8769230769230769
0.885143570536829
0.8779576587795765
0.8713235294117647
0.875784190715182
0.8644688644688645
0.8541147132169576
0.8771289537712895
0.8742216687422167
0.889344262295082
0.883495145631068
0.8664122137404581
0.8738621586475943
0.8513853904282116
0.8903614457831325
0.8970414201183432
0.8870192307692307
0.8936708860759494
0.8544542032622334
0.8564231738035264
0.8722415795586528
0.8956310679611651
0.8849557522123894
0.890745501285347
0.8558897243107769
0.86489898989899
0.8587786259541985
0.8745247148288974
0.8682864450127877
0.8773234200743495
0.8670076726342711
0.8685636856368564
0.8797546012269939
0.8777239709443099
0.874390243902439
0.8763769889840881
0.8770806658130602
0.864963503649635
0.8518041237113402
0.8875305623471883
0.8975308641975308
0.865
0.8876117496807152
0.8788249694002448
0.871501272264631
0.8973429951690821
0.8853904282115869
0.8525402726146221
0.8788968824940048
0.8762755102040817
0.887409200968523
0.8558558558558559
0.8733087330873309
0.877496671105193
0.8767650834403081
0.8951507208387942
0.8830049261083743
0.8723684210526316
0.8737745098039216
0.8827085852478839
0.8769035532994924
0.8706030150753769
0.8741976893453145
0.8645418326693227
0.8839634941329857
0.8574908647990256
0.8808353808353808
0.8743654822335025
0.8643852978453739
0.853448275862069
0.8785982478097623
0.8893034825870647
0.8581730769230769
0.8596938775510204
0.8650065530799476
0.8822170900692841
0.9032648125755743
0.8682634730538922
0.8686493184634448
0.8703241895261845
0.9118773946360154
0.8603491271820449
0.8759036144578313
0.8552631578947368
0.8759213759213759
0.8711276332094176
0.8666666666666667
0.8725868725868726
0.8788627935723115
0.8765743073047859
0.8651102464332037
0.87
0.8841309823677582
0.8795031055900621
0.8811013767209012
0.8667481662591687
0.8589909443725744
0.8852258852258852
0.8883495145631068
0.8769987699876999
0.8512820512820513
0.8582677165354331
0.886150234741784
0.8816793893129771
0.895
0.8675742574257426
0.8737623762376238
0.8813333333333333
0.8805031446540881
0.8860164512338425
0.8546365914786967
0.8950777202072538
0.8482252141982864
0.8597883597883598
0.8771929824561403
0.9116465863453815
0.8685567010309279
0.8877805486284289
0.8789013732833958
0.8784933171324423
0.8552147239263803
0.8748435544430538
0.8759590792838875
0.8728813559322034
0.8855656697009102
0.8866242038216561
0.8709302325581395
0.8690476190476191
0.8925518925518926
0.8858173076923077
0.8686224489795918
0.8806970509383378
0.871967654986523
0.8917910447761194
0.879021879021879
0.858560794044665
0.8491484184914841
0.8776009791921665
0.8738853503184714
0.8702570379436965
0.8834437086092716
0.8848039215686274
0.8455696202531645
0.873850197109067
0.8554987212276215
0.8761061946902655
0.8980815347721822
0.86875
0.8798449612403101
0.8737745098039216
0.8650693568726355
0.8803418803418803
0.8578616352201258
0.8893129770992366
0.8742138364779874
0.8784461152882206
0.888748419721871
0.877444589308996
0.8727705112960761
0.8640661938534279
0.8466413181242078
0.839240506329114
0.8848641655886158
0.8641975308641975
0.8781725888324873
0.868421052631579
0.8722860791826309
0.8932160804020101
0.8830845771144279
0.8745519713261649
0.8695090439276486
0.8893229166666666
0.8801452784503632
0.8534370946822308
0.869928400954654
0.8847058823529412
0.8756345177664975
0.8705583756345178
0.8508670520231214
0.8675263774912075
0.8771021992238034
0.8853658536585366
0.875
0.8703939008894537
0.888748419721871
0.8816276202219482
0.8850432632880099
0.8490322580645161
0.8906064209274673
0.883248730964467
0.8898623279098874
0.8801955990220048
0.8431137724550898
0.8874841972187105
0.8656898656898657
0.8722860791826309
0.880201765447667
0.8620253164556962
0.9003783102143758
0.8633540372670807
0.8498789346246973
0.8478802992518704
0.8690012970168612
0.8688946015424165
0.8884803921568627
0.8761061946902655
0.8734793187347932
0.8438709677419355
